4	64	196	82	19	0.15	290806
4	64	200	63	24	0.16	336020
4	64	189	32	5	0.12	348967
4	64	194	140	42	0.15	412476
4	64	201	136	35	0.16	444791
4	64	203	56	7	0.14	506554
4	64	520	184	31	0.29	157601
4	64	528	161	13	0.29	183884
4	64	532	69	0	0.25	192119
4	64	537	391	8	0.31	184916
4	64	522	307	15	0.3	193238
4	64	524	149	10	0.26	192400
8	64	200	81	20	0.25	622280
8	64	192	67	0	0.24	649767
8	64	198	56	14	0.26	750938
8	64	195	147	73	0.34	761863
8	64	203	152	89	0.36	753928
8	64	191	87	28	0.25	929067
8	64	541	226	128	0.8	304046
8	64	557	199	17	0.61	355700
8	64	531	118	33	0.59	357649
8	64	561	428	80	0.73	361803
8	64	553	377	105	0.77	418824
8	64	532	260	141	0.79	394051
16	64	187	67	66	0.58	1.37723e+06
16	64	208	79	51	0.55	1.27969e+06
16	64	199	66	101	0.65	1.39e+06
16	64	202	146	183	0.88	1.55967e+06
16	64	185	139	167	0.76	1.68337e+06
16	64	193	134	136	0.73	1.56533e+06
16	64	515	203	190	1.67	755102
16	64	522	190	219	1.84	818424
16	64	529	169	284	1.93	856640
16	64	514	388	456	3.63	871916
16	64	520	384	734	6.76	950437
16	64	497	325	660	4.18	1.07147e+06
32	64	208	84	267	1.98	2.54071e+06
32	64	200	73	118	1.44	2.65328e+06
32	64	187	70	143	1.35	2.73591e+06
32	64	200	150	491	3.83	3.84947e+06
32	64	201	155	412	2.76	3.08281e+06
32	64	196	160	315	2.01	3.28578e+06
32	64	525	218	468	5.21	1.43754e+06
32	64	550	217	566	6.12	1.57525e+06
32	64	537	202	968	8.66	1.88799e+06
32	64	520	417	1394	26.57	1.7725e+06
32	64	511	386	2469	59.02	1.92995e+06
32	64	509	367	2028	36.98	2.14694e+06
64	64	211	89	744	9.47	5.18797e+06
64	64	199	78	629	6.61	5.17871e+06
64	64	217	90	701	6.78	6.47022e+06
64	64	201	160	987	14.96	6.69637e+06
64	64	192	154	580	6.96	6.46666e+06
64	64	198	165	628	6.22	6.56518e+06
64	64	521	206	1877	40.45	3.19443e+06
64	64	517	194	2757	64.7	3.34666e+06
64	64	509	179	1868	34.8	3.71231e+06
64	64	539	434	5425	290.05	3.98532e+06
64	64	522	423	8611	515.32	4.60373e+06
64	64	511	387	7646	395.53	4.62314e+06
4	128	388	160	64	0.33	1.26957e+06
4	128	391	144	59	0.3	1.37398e+06
4	128	386	58	5	0.24	1.38135e+06
4	128	378	300	86	0.41	1.42604e+06
4	128	379	267	75	0.38	1.48147e+06
4	128	383	98	2	0.25	1.56641e+06
4	128	1017	370	36	0.59	645505
4	128	1010	312	77	0.71	740362
4	128	989	153	40	0.6	828602
4	128	993	751	138	0.98	770361
4	128	1011	638	155	1	822602
4	128	997	262	80	0.7	919643
8	128	392	163	159	0.89	2.38448e+06
8	128	396	155	131	0.75	2.4788e+06
8	128	388	103	34	0.54	2.61332e+06
8	128	392	303	197	1.15	2.98126e+06
8	128	391	305	244	1.22	3.20693e+06
8	128	384	178	106	0.66	3.42348e+06
8	128	1066	425	185	1.89	1.301e+06
8	128	1084	390	232	1.93	1.46456e+06
8	128	1075	266	187	1.78	1.68303e+06
8	128	1092	827	448	4.38	1.52677e+06
8	128	1076	755	459	3.39	1.70566e+06
8	128	1089	489	408	3.1	1.92413e+06
16	128	404	161	153	1.58	4.81618e+06
16	128	410	164	307	2.23	5.1341e+06
16	128	414	152	177	1.5	5.42294e+06
16	128	387	315	356	3.09	5.86643e+06
16	128	383	313	390	2.68	6.04649e+06
16	128	390	255	293	2.04	6.27748e+06
16	128	1154	450	959	14.04	2.75142e+06
16	128	1154	442	961	9.94	3.24124e+06
16	128	1138	384	705	7.12	3.49196e+06
16	128	1122	866	2276	60.01	3.18097e+06
16	128	1123	885	2709	69.73	3.6421e+06
16	128	1114	705	2019	33.81	4.14508e+06
32	128	399	150	755	9.17	1.11866e+07
32	128	400	155	928	9.65	1.18639e+07
32	128	405	146	515	5.57	1.24767e+07
32	128	413	324	1826	29.01	1.2715e+07
32	128	412	311	1704	29.05	1.35828e+07
32	128	413	300	957	8.35	1.46174e+07
32	128	1178	457	2592	78.83	5.87961e+06
32	128	1127	433	4328	138.3	6.65547e+06
32	128	1138	426	3708	78.08	7.68771e+06
32	128	1147	909	9385	658.1	7.67675e+06
32	128	1173	915	11392	870.51	8.60115e+06
32	128	1141	814	10499	630.48	9.78596e+06
64	128	388	158	943	17.67	2.03834e+07
64	128	394	158	1150	21.26	2.12827e+07
64	128	381	150	500	11.39	2.18453e+07
64	128	412	338	2884	75.96	2.4987e+07
64	128	406	328	2271	54.52	2.60703e+07
64	128	397	319	3418	69.93	2.71033e+07
64	128	1184	481	6482	455.07	1.16106e+07
64	128	1154	451	8363	556.71	1.27077e+07
64	128	1138	443	10368	693.69	1.47827e+07
64	128	1182	946	22698	3302.71	1.69314e+07
64	128	1201	955	26905	3887.73	1.80808e+07
64	128	1171	896	31834	4497.9	1.92698e+07
128	128	396	159	1937	82.56	4.11121e+07
128	128	399	158	2199	80.9	4.25793e+07
128	128	388	150	2177	68.17	4.37337e+07
128	128	412	338	5576	222.23	4.57021e+07
128	128	401	324	5385	213.04	4.73602e+07
128	128	407	334	4214	121.98	4.91531e+07
128	128	1221	501	17288	2895.7	2.42815e+07
128	128	1224	483	20670	3081.46	2.68135e+07
128	128	1212	473	26407	4132.11	2.94821e+07
128	128	1213	967	55647	18050.9	3.37721e+07
128	128	1223	971	62423	20311.4	3.7411e+07
128	128	1204	959	68637	20538	4.01432e+07
4	256	771	293	125	0.79	4.70649e+06
4	256	783	253	98	0.72	4.86412e+06
4	256	784	96	25	0.53	5.17194e+06
4	256	774	610	417	2.5	6.4719e+06
4	256	784	511	337	1.79	6.78407e+06
4	256	785	185	175	0.9	7.24368e+06
4	256	2007	756	186	1.94	2.9653e+06
4	256	2034	599	139	1.66	3.10205e+06
4	256	2022	261	157	1.67	3.70394e+06
4	256	2027	1526	616	7.47	3.51422e+06
4	256	2013	1212	622	5.62	4.2399e+06
4	256	2023	537	408	3	5.02613e+06
8	256	796	323	235	2.1	9.93777e+06
8	256	797	311	272	2.15	1.07767e+07
8	256	793	174	66	1.3	1.1386e+07
8	256	795	641	623	7.67	1.27053e+07
8	256	806	630	460	3.67	1.34751e+07
8	256	794	362	296	2.22	1.44258e+07
8	256	2152	888	859	11.61	6.09277e+06
8	256	2194	792	823	9.35	6.89087e+06
8	256	2168	510	808	9.32	8.1433e+06
8	256	2187	1716	2400	58.96	7.57666e+06
8	256	2179	1573	2383	52.7	8.31351e+06
8	256	2165	999	1821	24.71	9.91948e+06
16	256	804	324	651	7.46	2.20658e+07
16	256	799	327	599	6.7	2.40982e+07
16	256	795	269	342	4.29	2.58384e+07
16	256	824	648	1575	30.46	2.47378e+07
16	256	820	639	1329	20.75	2.62475e+07
16	256	850	530	839	8.69	2.76731e+07
16	256	2252	905	2370	62.03	1.27479e+07
16	256	2316	878	2671	61	1.47959e+07
16	256	2271	746	2295	40.55	1.83692e+07
16	256	2275	1779	9338	695.31	1.57006e+07
16	256	2325	1762	9851	689.29	1.7837e+07
16	256	2308	1446	9017	534.17	2.06929e+07
32	256	820	336	1196	23	4.10905e+07
32	256	817	329	973	22.21	4.39013e+07
32	256	812	321	842	16.35	4.73329e+07
32	256	812	637	4527	223.25	5.27991e+07
32	256	810	641	4987	217.71	5.48896e+07
32	256	837	611	2330	51.49	5.75482e+07
32	256	2347	938	6300	397.12	2.51205e+07
32	256	2318	910	7910	455.48	2.95396e+07
32	256	2327	868	8913	541.95	3.52354e+07
32	256	2331	1846	28467	4539.86	3.64468e+07
32	256	2318	1795	30370	4835.09	4.03949e+07
32	256	2314	1656	31795	4749.99	4.56711e+07
64	256	811	317	3530	139.81	8.18275e+07
64	256	836	335	3210	131.16	8.6782e+07
64	256	827	328	2675	77.65	9.32093e+07
64	256	794	648	7040	530.51	1.02861e+08
64	256	808	654	7320	406.9	1.0657e+08
64	256	801	640	4200	150.42	1.11801e+08
64	256	2318	938	23720	4854.91	5.2358e+07
64	256	2330	897	26617	4832.1	5.71358e+07
64	256	2362	930	33072	6032.53	7.03277e+07
64	256	2336	1858	65194	22107	7.47952e+07
64	256	2334	1849	78395	26002	8.21049e+07
64	256	2320	1778	76036	24292.7	9.22494e+07
128	256	805	298	5734	472.13	1.71694e+08
128	256	821	307	5266	325.82	1.85066e+08
128	256	815	307	5117	283.61	1.96849e+08
128	256	812	653	17792	3417.81	2.04313e+08
128	256	813	658	15272	2284.41	2.14124e+08
128	256	810	653	11927	1006.35	2.22292e+08
128	256	2297	881	44158	17527.2	1.09093e+08
128	256	2388	919	59219	21456.5	1.32313e+08
128	256	2347	927	74529	29502.6	1.5049e+08
128	256	2342	1871	148396	106584	1.611e+08
128	256	2359	1880	187427	134167	1.77895e+08
128	256	2358	1833	172667	113669	1.90137e+08
256	256	822	315	20992	5982.4	3.26906e+08
256	256	825	315	20225	4704.42	3.52332e+08
256	256	824	313	12882	1832.34	3.73723e+08
256	256	836	673	37961	16430.9	3.9799e+08
256	256	827	684	46845	20976	4.26912e+08
256	256	827	680	38720	11262	4.40983e+08
256	256	2186	829	
256	256	2174	876	
256	256	2143	818	
256	256	2188	1767	
256	256	2178	1766	
256	256	2204	1784	

