4	64	196	82	11	0.69	290806
4	64	200	63	11	0.56	336020
4	64	189	32	11	0.4	348967
4	64	194	140	12	0.71	412476
4	64	201	136	12	0.74	444791
4	64	203	56	12	0.53	506554
4	64	520	184	12	2.32	157601
4	64	528	161	13	2.21	183884
4	64	532	69	12	1.74	192119
4	64	537	391	12	2.67	184916
4	64	522	307	13	2.63	193238
4	64	524	149	13	2.21	192400
8	64	200	81	12	1.98	622280
8	64	192	67	12	1.5	649767
8	64	198	56	12	1.2	750938
8	64	195	147	12	2.68	761863
8	64	203	152	13	3.22	753928
8	64	191	87	13	1.23	929067
8	64	541	226	13	13.49	304046
8	64	557	199	13	13.29	355700
8	64	531	118	12	7.48	357649
8	64	561	428	14	14.29	361803
8	64	553	377	14	15.8	418824
8	64	532	260	14	14.54	394051
16	64	187	67	13	3.59	1.37723e+06
16	64	208	79	14	3.59	1.27969e+06
16	64	199	66	15	3.96	1.39e+06
16	64	202	146	13	8.62	1.55967e+06
16	64	185	139	13	6.9	1.68337e+06
16	64	193	134	14	7.46	1.56533e+06
16	64	515	203	15	37.36	755102
16	64	522	190	14	32.17	818424
16	64	529	169	15	26.54	856640
16	64	514	388	15	129.79	871916
16	64	520	384	15	114.86	950437
16	64	497	325	16	106.82	1.07147e+06
32	64	208	84	14	11.61	2.54071e+06
32	64	200	73	14	8.79	2.65328e+06
32	64	187	70	15	8.7	2.73591e+06
32	64	200	150	15	22.93	3.84947e+06
32	64	201	155	14	27.1	3.08281e+06
32	64	196	160	15	25.08	3.28578e+06
32	64	525	218	15	79.98	1.43754e+06
32	64	550	217	15	74.99	1.57525e+06
32	64	537	202	17	73.66	1.88799e+06
32	64	520	417	17	286.05	1.7725e+06
32	64	511	386	19	311.41	1.92995e+06
32	64	509	367	17	254.51	2.14694e+06
64	64	211	89	15	38.81	5.18797e+06
64	64	199	78	15	30.08	5.17871e+06
64	64	217	90	16	27.44	6.47022e+06
64	64	201	160	19	78.92	6.69637e+06
64	64	192	154	18	60.76	6.46666e+06
64	64	198	165	16	59.95	6.56518e+06
64	64	521	206	18	170.93	3.19443e+06
64	64	517	194	18	166.95	3.34666e+06
64	64	509	179	18	139.95	3.71231e+06
64	64	539	434	20	598.33	3.98532e+06
64	64	522	423	21	651.15	4.60373e+06
64	64	511	387	20	574.01	4.62314e+06
4	128	388	160	12	2.04	1.26957e+06
4	128	391	144	12	2.11	1.37398e+06
4	128	386	58	12	1.29	1.38135e+06
4	128	378	300	12	2.09	1.42604e+06
4	128	379	267	14	2.27	1.48147e+06
4	128	383	98	13	1.66	1.56641e+06
4	128	1017	370	13	11.14	645505
4	128	1010	312	14	11.56	740362
4	128	989	153	14	9.09	828602
4	128	993	751	14	12.75	770361
4	128	1011	638	13	11.79	822602
4	128	997	262	14	10.07	919643
8	128	392	163	13	10.14	2.38448e+06
8	128	396	155	13	7.18	2.4788e+06
8	128	388	103	14	5.17	2.61332e+06
8	128	392	303	15	10.01	2.98126e+06
8	128	391	305	16	11.27	3.20693e+06
8	128	384	178	14	7.81	3.42348e+06
8	128	1066	425	15	91.07	1.301e+06
8	128	1084	390	14	86.21	1.46456e+06
8	128	1075	266	15	76.46	1.68303e+06
8	128	1092	827	14	99.06	1.52677e+06
8	128	1076	755	15	92.45	1.70566e+06
8	128	1089	489	18	109.86	1.92413e+06
16	128	404	161	14	23.8	4.81618e+06
16	128	410	164	15	26.39	5.1341e+06
16	128	414	152	15	14.98	5.42294e+06
16	128	387	315	16	65.68	5.86643e+06
16	128	383	313	15	57.13	6.04649e+06
16	128	390	255	15	34.72	6.27748e+06
16	128	1154	450	16	537.8	2.75142e+06
16	128	1154	442	17	599.41	3.24124e+06
16	128	1138	384	18	471.66	3.49196e+06
16	128	1122	866	17	955.81	3.18097e+06
16	128	1123	885	18	1044.8	3.6421e+06
16	128	1114	705	18	898.06	4.14508e+06
32	128	399	150	16	53.83	1.11866e+07
32	128	400	155	18	59.89	1.18639e+07
32	128	405	146	17	42.94	1.24767e+07
32	128	413	324	20	181.34	1.2715e+07
32	128	412	311	18	159.34	1.35828e+07
32	128	413	300	16	113.81	1.46174e+07
32	128	1178	457	18	775.25	5.87961e+06
32	128	1127	433	18	769	6.65547e+06
32	128	1138	426	18	619.47	7.68771e+06
32	128	1147	909	
32	128	1173	915	
32	128	1141	814	
64	128	388	158	25	158.88	2.03834e+07
64	128	394	158	23	141.12	2.12827e+07
64	128	381	150	17	124.16	2.18453e+07
64	128	412	338	26	584.89	2.4987e+07
64	128	406	328	23	547.04	2.60703e+07
64	128	397	319	22	497.88	2.71033e+07
64	128	1184	481	21	1576.51	1.16106e+07
64	128	1154	451	20	1447.64	1.27077e+07
64	128	1138	443	19	1441.76	1.47827e+07
64	128	1182	946	
64	128	1201	955	
64	128	1171	896	
128	128	396	159	25	465.41	4.11121e+07
128	128	399	158	19	424.38	4.25793e+07
128	128	388	150	19	424.83	4.37337e+07
128	128	412	338	32	1738.22	4.57021e+07
128	128	401	324	30	1672.34	4.73602e+07
128	128	407	334	
128	128	1221	501	
128	128	1224	483	
128	128	1212	473	
128	128	1213	967	
128	128	1223	971	
128	128	1204	959	
4	256	771	293	15	7.47	4.70649e+06
4	256	783	253	13	6.58	4.86412e+06
4	256	784	96	14	5.43	5.17194e+06
4	256	774	610	15	10.24	6.4719e+06
4	256	784	511	15	9.25	6.78407e+06
4	256	785	185	14	7.36	7.24368e+06
4	256	2007	756	16	73.63	2.9653e+06
4	256	2034	599	14	67.92	3.10205e+06
4	256	2022	261	15	59.49	3.70394e+06
4	256	2027	1526	15	79.44	3.51422e+06
4	256	2013	1212	15	77.5	4.2399e+06
4	256	2023	537	16	80.09	5.02613e+06
8	256	796	323	17	68.57	9.93777e+06
8	256	797	311	16	69.08	1.07767e+07
8	256	793	174	14	23.7	1.1386e+07
8	256	795	641	18	78.56	1.27053e+07
8	256	806	630	15	75.9	1.34751e+07
8	256	794	362	15	65.11	1.44258e+07
8	256	2152	888	18	692.42	6.09277e+06
8	256	2194	792	18	706.96	6.89087e+06
8	256	2168	510	16	631.56	8.1433e+06
8	256	2187	1716	21	778.2	7.57666e+06
8	256	2179	1573	18	720.28	8.31351e+06
8	256	2165	999	16	624.06	9.91948e+06
16	256	804	324	19	200.66	2.20658e+07
16	256	799	327	19	177.11	2.40982e+07
16	256	795	269	16	93.7	2.58384e+07
16	256	824	648	22	761.45	2.47378e+07
16	256	820	639	20	659.37	2.62475e+07
16	256	850	530	16	345.65	2.76731e+07
16	256	2252	905	
16	256	2316	878	
16	256	2271	746	
16	256	2275	1779	
16	256	2325	1762	
16	256	2308	1446	
32	256	820	336	27	449.14	4.10905e+07
32	256	817	329	25	413.51	4.39013e+07
32	256	812	321	19	268.87	4.73329e+07
32	256	812	637	29	1882.29	5.27991e+07
32	256	810	641	24	1840.2	5.48896e+07
32	256	837	611	20	990.94	5.75482e+07
32	256	2347	938	
32	256	2318	910	
32	256	2327	868	
32	256	2331	1846	
32	256	2318	1795	
32	256	2314	1656	
64	256	811	317	28	1186.78	8.18275e+07
64	256	836	335	27	1094.28	8.6782e+07
64	256	827	328	19	787.49	9.32093e+07
64	256	794	648	31	3552.97	1.02861e+08
64	256	808	654	28	3388.27	1.0657e+08
64	256	801	640	24	2535.11	1.11801e+08
64	256	2318	938	
64	256	2330	897	
64	256	2362	930	
64	256	2336	1858	
64	256	2334	1849	
64	256	2320	1778	
128	256	805	298	
128	256	821	307	34	2719.94	1.85066e+08
128	256	815	307	26	2000.04	1.96849e+08
128	256	812	653	
128	256	813	658	
128	256	810	653	
128	256	2297	881	
128	256	2388	919	
128	256	2347	927	
128	256	2342	1871	
128	256	2359	1880	
128	256	2358	1833	
256	256	822	315	
256	256	825	315	
256	256	824	313	
256	256	836	673	
256	256	827	684	
256	256	827	680	
256	256	2186	829	
256	256	2174	876	
256	256	2143	818	
256	256	2188	1767	
256	256	2178	1766	
256	256	2204	1784	
