4	64	196	82	0.65	23	250	290806
4	64	200	63	0.69	23	300	336021
4	64	189	32	0.53	24	181	348968
4	64	194	140	1.25	23	747	412477
4	64	201	136	1.25	25	707	444793
4	64	203	56	0.74	28	309	506555
4	64	520	184	1.82	22	328	157601
4	64	528	161	1.81	29	161	183884
4	64	532	69	1.62	29	118	192120
4	64	537	391	2.48	27	360	184916
4	64	522	307	2.69	32	479	193239
4	64	524	149	1.8	28	215	192400
8	64	200	81	1.6	24	350	622281
8	64	192	67	1.49	29	182	649769
8	64	198	56	1.51	30	312	750940
8	64	195	147	2.83	29	878	761863
8	64	203	152	3.54	32	1004	753929
8	64	191	87	1.55	29	347	929070
8	64	541	226	5.3	24	653	304046
8	64	557	199	3.94	29	208	355701
8	64	531	118	5.3	38	463	357650
8	64	561	428	9.68	31	1218	361804
8	64	553	377	8.07	34	981	418825
8	64	532	260	6.34	35	745	394052
16	64	187	67	3.36	27	314	1.37723e+06
16	64	208	79	3.88	32	281	1.27969e+06
16	64	199	66	5.16	39	499	1.39e+06
16	64	202	146	8.63	31	1402	1.55967e+06
16	64	185	139	5.68	33	844	1.68338e+06
16	64	193	134	5.55	33	715	1.56533e+06
16	64	515	203	14.63	32	999	755102
16	64	522	190	19.85	37	1128	818427
16	64	529	169	21.22	45	1423	856641
16	64	514	388	32.16	36	2584	871885
16	64	520	384	38.58	43	3253	950439
16	64	497	325	33.65	53	3056	1.07148e+06
32	64	208	84	11.71	31	713	2.54071e+06
32	64	200	73	10.31	36	537	2.65329e+06
32	64	187	70	10.85	42	570	2.73591e+06
32	64	200	150	13.92	32	1074	3.84947e+06
32	64	201	155	14.16	39	923	3.08282e+06
32	64	196	160	14.48	45	899	3.28579e+06
32	64	525	218	32.19	34	1049	1.43754e+06
32	64	550	217	53.94	44	1878	1.57525e+06
32	64	537	202	75.47	62	2697	1.88799e+06
32	64	520	417	88.45	43	4220	1.77244e+06
32	64	511	386	95.14	46	4959	1.92995e+06
32	64	509	367	98.66	57	4947	2.14695e+06
64	64	211	89	25.08	39	787	5.18798e+06
64	64	199	78	20.47	38	620	5.17872e+06
64	64	217	90	37.91	56	1236	6.47025e+06
64	64	201	160	37.99	40	1551	6.69637e+06
64	64	192	154	31.59	44	1284	6.46667e+06
64	64	198	165	27.62	50	866	6.56519e+06
64	64	521	206	97.13	45	2048	3.19443e+06
64	64	517	194	115.73	46	2749	3.34668e+06
64	64	509	179	138.44	60	3345	3.71232e+06
64	64	539	434	282.02	55	7445	3.98532e+06
64	64	522	423	242.7	59	6028	4.6037e+06
64	64	511	387	313.62	75	8090	4.62315e+06
4	128	388	160	2.67	23	650	1.26957e+06
4	128	391	144	2.97	29	615	1.37399e+06
4	128	386	58	1.8	32	322	1.38135e+06
4	128	378	300	4.3	30	1247	1.42604e+06
4	128	379	267	4.46	31	1362	1.48147e+06
4	128	383	98	1.59	30	294	1.56641e+06
4	128	1017	370	6.36	29	461	645506
4	128	1010	312	7.84	34	615	740363
4	128	989	153	7.27	39	559	828604
4	128	993	751	14.41	34	1763	770365
4	128	1011	638	11.67	36	1201	822585
4	128	997	262	12.06	47	1313	919645
8	128	392	163	6.43	27	992	2.38449e+06
8	128	396	155	6.2	31	828	2.4788e+06
8	128	388	103	4.6	35	501	2.61332e+06
8	128	392	303	10.77	29	2032	2.98126e+06
8	128	391	305	13.76	36	2669	3.20693e+06
8	128	384	178	5.84	34	855	3.4235e+06
8	128	1066	425	26.23	33	1509	1.301e+06
8	128	1084	390	34.16	37	1929	1.46456e+06
8	128	1075	266	28.36	50	1325	1.68297e+06
8	128	1092	827	60.12	36	4056	1.52677e+06
8	128	1076	755	71.95	47	4963	1.70566e+06
8	128	1089	489	47.4	53	2828	1.92412e+06
16	128	404	161	14.52	34	928	4.81619e+06
16	128	410	164	18.35	36	1354	5.13411e+06
16	128	414	152	19.09	47	1205	5.42295e+06
16	128	387	315	24.22	36	2340	5.86643e+06
16	128	383	313	23.19	39	2180	6.04651e+06
16	128	390	255	15.36	37	1169	6.2775e+06
16	128	1154	450	107.75	38	3799	2.75142e+06
16	128	1154	442	131.24	44	4539	3.24124e+06
16	128	1138	384	107.43	58	3293	3.49198e+06
16	128	1122	866	247.73	48	9862	3.18097e+06
16	128	1123	885	443.49	62	18263	3.64126e+06
16	128	1114	705	242.73	67	9338	4.14494e+06
32	128	399	150	35.97	39	1272	1.11866e+07
32	128	400	155	38.67	40	1401	1.1864e+07
32	128	405	146	43.14	54	1435	1.24767e+07
32	128	413	324	70.68	40	3146	1.27151e+07
32	128	412	311	86.65	46	3936	1.35828e+07
32	128	413	300	83.3	56	3444	1.46174e+07
32	128	1178	457	321.14	40	6355	5.87961e+06
32	128	1127	433	315.44	48	6115	6.65547e+06
32	128	1138	426	343.3	67	6170	7.68772e+06
32	128	1147	909	833.07	57	16312	7.67656e+06
32	128	1173	915	906.81	64	17591	8.60119e+06
32	128	1141	814	1084.75	94	21061	9.78601e+06
64	128	388	158	67.61	44	1147	2.03834e+07
64	128	394	158	68.87	44	1135	2.12827e+07
64	128	381	150	74.04	58	1124	2.18453e+07
64	128	412	338	137.93	45	2946	2.4987e+07
64	128	406	328	176.4	51	3531	2.60703e+07
64	128	397	319	134.73	55	2605	2.71033e+07
64	128	1184	481	469.51	47	4205	1.16106e+07
64	128	1154	451	562.61	53	5429	1.27077e+07
64	128	1138	443	1028.3	80	9975	1.47827e+07
64	128	1182	946	1623.84	61	16107	1.69313e+07
64	128	1201	955	2031.54	73	19017	1.80808e+07
64	128	1171	896	2260.94	90	21736	1.92699e+07
128	128	396	159	213.05	54	1720	4.11121e+07
128	128	399	158	173.16	51	1519	4.25793e+07
128	128	388	150	214.6	63	2117	4.37339e+07
128	128	412	338	266.37	54	2576	4.57022e+07
128	128	401	324	220.84	51	2028	4.73603e+07
128	128	407	334	248.77	65	2274	4.91532e+07
128	128	1221	501	1508.77	57	7367	2.42815e+07
128	128	1224	483	1301.77	57	6165	2.68136e+07
128	128	1212	473	2581.16	91	12467	2.94822e+07
128	128	1213	967	3193.17	71	15161	3.37723e+07
128	128	1223	971	3958.57	79	19010	3.74106e+07
128	128	1204	959	4682.65	116	22301	4.01433e+07
4	256	771	293	8.83	30	1135	4.70651e+06
4	256	783	253	10.39	32	1372	4.86413e+06
4	256	784	96	7.69	43	809	5.17194e+06
4	256	774	610	31.62	36	5187	6.47191e+06
4	256	784	511	29.23	39	4635	6.78408e+06
4	256	785	185	18.91	49	3104	7.24369e+06
4	256	2007	756	48.34	34	1928	2.9653e+06
4	256	2034	599	34.29	36	1096	3.10194e+06
4	256	2022	261	43.54	48	1670	3.70394e+06
4	256	2027	1526	113.89	42	5376	3.51423e+06
4	256	2013	1212	152.09	51	7606	4.23991e+06
4	256	2023	537	113.15	67	5173	5.02571e+06
8	256	796	323	25.29	31	1736	9.93779e+06
8	256	797	311	31.25	37	1965	1.07767e+07
8	256	793	174	23.11	50	1242	1.1386e+07
8	256	795	641	116.31	46	9910	1.27008e+07
8	256	806	630	94.46	42	7803	1.34752e+07
8	256	794	362	40.88	53	3031	1.44209e+07
8	256	2152	888	140.68	37	3279	6.0928e+06
8	256	2194	792	193.01	46	4314	6.89088e+06
8	256	2168	510	209.58	57	4786	8.14331e+06
8	256	2187	1716	639.75	56	17029	7.57644e+06
8	256	2179	1573	426.92	55	10949	8.31331e+06
8	256	2165	999	555.98	80	14348	9.91951e+06
16	256	804	324	63.37	38	2227	2.20658e+07
16	256	799	327	80.8	43	3136	2.40983e+07
16	256	795	269	53.43	51	1588	2.58385e+07
16	256	824	648	223.08	51	8690	2.47378e+07
16	256	820	639	204.28	51	8077	2.62476e+07
16	256	850	530	197.24	68	6613	2.76732e+07
16	256	2252	905	605.8	42	7837	1.2748e+07
16	256	2316	878	720	53	9206	1.4796e+07
16	256	2271	746	880.2	77	11258	1.83692e+07
16	256	2275	1779	2218.63	60	29443	1.57007e+07
16	256	2325	1762	2974.64	73	39765	1.78365e+07
16	256	2308	1446	1907.62	94	24434	2.06929e+07
32	256	820	336	166.25	45	2764	4.10906e+07
32	256	817	329	197.95	49	3334	4.39014e+07
32	256	812	321	226.81	69	3806	4.73331e+07
32	256	812	637	495.5	50	9586	5.27993e+07
32	256	810	641	445.47	54	8682	5.48898e+07
32	256	837	611	414.84	68	7517	5.75483e+07
32	256	2347	938	1379.35	48	9364	2.51206e+07
32	256	2318	910	1095.55	53	6877	2.95379e+07
32	256	2327	868	1699.86	86	10431	3.52355e+07
32	256	2331	1846	4664.7	67	30330	3.64465e+07
32	256	2318	1795	5227.6	79	35501	4.03949e+07
32	256	2314	1656	5375.7	103	35252	4.56712e+07
64	256	811	317	367.7	56	3006	8.18276e+07
64	256	836	335	389.28	53	3395	8.67824e+07
64	256	827	328	554.73	75	4894	9.32095e+07
64	256	794	648	619.2	60	6561	1.02861e+08
64	256	808	654	840.09	64	8994	1.0657e+08
64	256	801	640	638.36	77	6499	1.11801e+08
64	256	2318	938	3585.91	53	12415	5.23582e+07
64	256	2330	897	3664.92	60	12549	5.71358e+07
64	256	2362	930	4204.8	96	12764	7.0328e+07
64	256	2336	1858	7689.1	72	26158	7.47954e+07
64	256	2334	1849	9367.7	87	31472	8.2105e+07
64	256	2320	1778	9377.7	126	31639	9.22497e+07
128	256	805	298	1239.32	78	5378	1.71695e+08
128	256	821	307	846.86	64	3754	1.85067e+08
128	256	815	307	1403.78	84	6731	1.96849e+08
128	256	812	653	1913.73	78	9672	2.04314e+08
128	256	813	658	2180.86	70	11382	2.14125e+08
128	256	810	653	2196.95	98	11016	2.22292e+08
128	256	2297	881	6740.33	72	11124	1.09094e+08
128	256	2388	919	7943.85	72	13639	1.32313e+08
128	256	2347	927	9109.35	116	13586	1.50491e+08
128	256	2342	1871	15152.9	91	23188	1.61101e+08
128	256	2359	1880	33660.9	117	54330	1.77894e+08
128	256	2358	1833	26502.9	155	42447	1.90138e+08
256	256	822	315	3829.53	100	8640	3.26906e+08
256	256	825	315	3007.22	85	7122	3.52332e+08
256	256	824	313	3202.78	100	7546	3.73724e+08
256	256	836	673	7085.33	114	15616	3.97988e+08
256	256	827	684	7200.41	100	17302	4.26914e+08
256	256	827	680	5921.08	116	14430	4.40984e+08
256	256	2186	829	16210.7	94	13701	2.27582e+08
256	256	2174	876	15930.3	96	14040	2.55916e+08
256	256	2143	818	21352.7	128	19494	2.97352e+08
256	256	2188	1767	41257.1	118	34078	3.2522e+08
256	256	2178	1766	37742.6	122	31622	3.58702e+08
256	256	2204	1784	44608.2	189	36340	3.97884e+08
