4	64	196	82	13	0.85	290806
4	64	200	63	13	0.78	336020
4	64	189	32	12	0.6	348967
4	64	194	140	13	0.85	412476
4	64	201	136	12	0.83	444791
4	64	203	56	13	0.75	506554
4	64	520	184	14	2.69	157601
4	64	528	161	15	2.67	183884
4	64	532	69	14	2.31	192119
4	64	537	391	14	2.94	184916
4	64	522	307	15	2.9	193238
4	64	524	149	14	2.57	192400
8	64	200	81	13	2.46	622281
8	64	192	67	14	2.17	649767
8	64	198	56	13	1.98	750939
8	64	195	147	14	3.83	761863
8	64	203	152	14	3.58	753928
8	64	191	87	13	2.15	929067
8	64	541	226	15	16.12	304046
8	64	557	199	15	15.75	355700
8	64	531	118	14	11.68	357649
8	64	561	428	16	15.55	361803
8	64	553	377	15	17.37	418824
8	64	532	260	15	17.99	394051
16	64	187	67	15	5.63	1.37723e+06
16	64	208	79	14	4.26	1.27969e+06
16	64	199	66	15	5	1.39e+06
16	64	202	146	15	10.81	1.55967e+06
16	64	185	139	15	11.28	1.68337e+06
16	64	193	134	14	10.11	1.56533e+06
16	64	515	203	17	68.91	755102
16	64	522	190	16	54.46	818424
16	64	529	169	15	45.04	856640
16	64	514	388	17	187.5	871916
16	64	520	384	17	162.48	950437
16	64	497	325	15	141.99	1.07148e+06
32	64	208	84	18	14.25	2.54071e+06
32	64	200	73	16	11.09	2.65329e+06
32	64	187	70	16	10.93	2.73591e+06
32	64	200	150	16	26.28	3.84947e+06
32	64	201	155	16	34.33	3.08281e+06
32	64	196	160	17	33.3	3.28578e+06
32	64	525	218	19	133.25	1.43754e+06
32	64	550	217	18	104.2	1.57525e+06
32	64	537	202	17	82.92	1.88799e+06
32	64	520	417	21	740.16	1.7725e+06
32	64	511	386	20	650.38	1.92995e+06
32	64	509	367	17	448.01	2.14694e+06
64	64	211	89	19	33.11	5.18797e+06
64	64	199	78	18	28.02	5.17872e+06
64	64	217	90	16	25.51	6.47022e+06
64	64	201	160	20	65.53	6.69637e+06
64	64	192	154	20	89.44	6.46666e+06
64	64	198	165	17	61.73	6.56519e+06
64	64	521	206	23	166.44	3.19443e+06
64	64	517	194	20	146.16	3.34667e+06
64	64	509	179	18	112.55	3.71231e+06
64	64	539	434	24	773.11	3.98532e+06
64	64	522	423	23	786.48	4.60373e+06
64	64	511	387	21	647.79	4.62314e+06
4	128	388	160	14	2.48	1.26957e+06
4	128	391	144	14	2.58	1.37398e+06
4	128	386	58	13	1.97	1.38135e+06
4	128	378	300	14	2.52	1.42604e+06
4	128	379	267	14	2.49	1.48147e+06
4	128	383	98	13	2	1.56641e+06
4	128	1017	370	15	12.65	645505
4	128	1010	312	15	12.28	740362
4	128	989	153	15	10.92	828602
4	128	993	751	15	13.16	770361
4	128	1011	638	15	12.88	822602
4	128	997	262	14	10.25	919644
8	128	392	163	16	14.21	2.38448e+06
8	128	396	155	14	9.71	2.4788e+06
8	128	388	103	15	8.9	2.61332e+06
8	128	392	303	17	14.12	2.98126e+06
8	128	391	305	16	13.46	3.20693e+06
8	128	384	178	15	10.35	3.42348e+06
8	128	1066	425	18	130.39	1.301e+06
8	128	1084	390	16	112.08	1.46456e+06
8	128	1075	266	16	107.16	1.68303e+06
8	128	1092	827	17	127.47	1.52677e+06
8	128	1076	755	16	126.6	1.70566e+06
8	128	1089	489	17	125.38	1.92413e+06
16	128	404	161	17	38.9	4.81618e+06
16	128	410	164	17	41.72	5.1341e+06
16	128	414	152	16	36.45	5.42294e+06
16	128	387	315	19	91.9	5.86643e+06
16	128	383	313	18	91.05	6.0465e+06
16	128	390	255	17	58.58	6.27748e+06
16	128	1154	450	20	1125.46	2.75142e+06
16	128	1154	442	20	1070.36	3.24124e+06
16	128	1138	384	19	828.16	3.49196e+06
16	128	1122	866	22	1729.09	3.18097e+06
16	128	1123	885	20	1802.91	3.6421e+06
16	128	1114	705	18	1287.02	4.14508e+06
32	128	399	150	20	65.24	1.11866e+07
32	128	400	155	19	67.24	1.18639e+07
32	128	405	146	19	54.39	1.24767e+07
32	128	413	324	22	300.97	1.2715e+07
32	128	412	311	21	287.3	1.35828e+07
32	128	413	300	20	240.61	1.46174e+07
32	128	1178	457	23	2008.99	5.87961e+06
32	128	1127	433	22	1708.64	6.65547e+06
32	128	1138	426	19	1117.42	7.68771e+06
32	128	1147	909	27	11485.7	7.67676e+06
32	128	1173	915	24	11179.7	8.60116e+06
32	128	1141	814	22	8119.96	9.78596e+06
64	128	388	158	25	149.9	2.03834e+07
64	128	394	158	22	141.43	2.12827e+07
64	128	381	150	19	120.97	2.18453e+07
64	128	412	338	25	716	2.49871e+07
64	128	406	328	24	709.81	2.60703e+07
64	128	397	319	23	567.35	2.71033e+07
64	128	1184	481	26	2855.65	1.16106e+07
64	128	1154	451	25	2732.12	1.27077e+07
64	128	1138	443	22	1920.92	1.47827e+07
64	128	1182	946	
64	128	1201	955	
64	128	1171	896	
128	128	396	159	29	381.26	4.11121e+07
128	128	399	158	27	351.18	4.25793e+07
128	128	388	150	25	337.08	4.37337e+07
128	128	412	338	30	1281.18	4.57021e+07
128	128	401	324	31	1452.13	4.73603e+07
128	128	407	334	26	1137.97	4.91531e+07
128	128	1221	501	
128	128	1224	483	
128	128	1212	473	
128	128	1213	967	
128	128	1223	971	
128	128	1204	959	
4	256	771	293	17	9.24	4.70649e+06
4	256	783	253	16	8.34	4.86412e+06
4	256	784	96	15	7.14	5.17194e+06
4	256	774	610	19	12.29	6.4719e+06
4	256	784	511	16	10.44	6.78407e+06
4	256	785	185	15	9.56	7.24369e+06
4	256	2007	756	19	94.19	2.9653e+06
4	256	2034	599	16	83.27	3.10205e+06
4	256	2022	261	16	72.65	3.70394e+06
4	256	2027	1526	19	111.46	3.51422e+06
4	256	2013	1212	18	103.27	4.2399e+06
4	256	2023	537	16	86.57	5.02613e+06
8	256	796	323	19	98.78	9.93778e+06
8	256	797	311	17	98.88	1.07767e+07
8	256	793	174	16	53.91	1.1386e+07
8	256	795	641	21	128.05	1.27053e+07
8	256	806	630	19	135.62	1.34751e+07
8	256	794	362	15	94.16	1.44258e+07
8	256	2152	888	21	1151.82	6.09278e+06
8	256	2194	792	19	1015.9	6.89087e+06
8	256	2168	510	18	897.04	8.1433e+06
8	256	2187	1716	23	1196.19	7.57667e+06
8	256	2179	1573	21	1056.65	8.31352e+06
8	256	2165	999	18	889.25	9.91948e+06
16	256	804	324	23	416.69	2.20658e+07
16	256	799	327	21	423.92	2.40982e+07
16	256	795	269	18	279	2.58384e+07
16	256	824	648	24	1480.54	2.47378e+07
16	256	820	639	22	1247.96	2.62475e+07
16	256	850	530	19	838.22	2.76731e+07
16	256	2252	905	24	10727.2	1.27479e+07
16	256	2316	878	23	9895.56	1.47959e+07
16	256	2271	746	19	7087.17	1.83692e+07
16	256	2275	1779	
16	256	2325	1762	
16	256	2308	1446	
32	256	820	336	29	890.61	4.10905e+07
32	256	817	329	25	734.15	4.39013e+07
32	256	812	321	21	685.12	4.73329e+07
32	256	812	637	29	3610.22	5.27991e+07
32	256	810	641	26	3930.09	5.48896e+07
32	256	837	611	24	2709.83	5.75482e+07
32	256	2347	938	
32	256	2318	910	
32	256	2327	868	
32	256	2331	1846	
32	256	2318	1795	
32	256	2314	1656	
64	256	811	317	28	1288.78	8.18275e+07
64	256	836	335	27	1576.46	8.6782e+07
64	256	827	328	24	1145.36	9.32094e+07
64	256	794	648	31	7328.57	1.02861e+08
64	256	808	654	30	7838.73	1.0657e+08
64	256	801	640	27	6801.28	1.11801e+08
64	256	2318	938	
64	256	2330	897	
64	256	2362	930	
64	256	2336	1858	
64	256	2334	1849	
64	256	2320	1778	
128	256	805	298	
128	256	821	307	
128	256	815	307	
128	256	812	653	
128	256	813	658	
128	256	810	653	
128	256	2297	881	
128	256	2388	919	
128	256	2347	927	
128	256	2342	1871	
128	256	2359	1880	
128	256	2358	1833	
256	256	822	315	
256	256	825	315	
256	256	824	313	
256	256	836	673	
256	256	827	684	
256	256	827	680	
256	256	2186	829	
256	256	2174	876	
256	256	2143	818	
256	256	2188	1767	
256	256	2178	1766	
256	256	2204	1784	
