4	64	196	82	11	12	0.05	0.04	290806
4	64	200	63	17	18	0.07	0.07	336020
4	64	189	32	5	6	0.04	0.04	348967
4	64	194	140	32	33	0.14	0.12	412476
4	64	201	136	35	36	0.17	0.14	444791
4	64	203	56	11	12	0.03	0.03	506554
4	64	520	184	11	12	0.07	0.07	157601
4	64	528	161	11	12	0.06	0.04	183884
4	64	532	69	0	1	0.03	0.03	192119
4	64	537	391	18	19	0.09	0.04	184916
4	64	522	307	10	11	0.07	0.04	193238
4	64	524	149	9	10	0.06	0.05	192400
8	64	200	81	11	12	0.06	0.04	622280
8	64	192	67	0	1	0.04	0.04	649767
8	64	198	56	9	10	0.06	0.05	750938
8	64	195	147	28	29	0.22	0.16	761863
8	64	203	152	35	36	0.33	0.28	753927
8	64	191	87	8	9	0.08	0.07	929067
8	64	541	226	47	48	0.57	0.47	304045
8	64	557	199	7	8	0.09	0.07	355700
8	64	531	118	14	15	0.14	0.1	357649
8	64	561	428	51	52	0.65	0.47	361803
8	64	553	377	34	35	0.43	0.34	418824
8	64	532	260	41	42	0.48	0.38	394051
16	64	187	67	16	17	0.2	0.16	1.37723e+06
16	64	208	79	9	10	0.12	0.11	1.27969e+06
16	64	199	66	18	19	0.2	0.16	1.39e+06
16	64	202	146	52	53	0.88	0.68	1.55967e+06
16	64	185	139	29	30	0.35	0.31	1.68337e+06
16	64	193	134	28	29	0.3	0.24	1.56533e+06
16	64	515	203	62	63	1.22	0.97	755101
16	64	522	190	27	28	0.57	0.43	818424
16	64	529	169	40	41	0.84	0.54	856639
16	64	514	388	123	124	3.53	2.64	871915
16	64	520	384	79	80	2.48	1.95	950436
16	64	497	325	77	78	2.26	1.91	1.07147e+06
32	64	208	84	30	31	0.81	0.68	2.54071e+06
32	64	200	73	32	33	0.65	0.52	2.65328e+06
32	64	187	70	14	15	0.34	0.3	2.73591e+06
32	64	200	150	62	63	2.35	2.09	3.84947e+06
32	64	201	155	35	36	0.85	0.64	3.08281e+06
32	64	196	160	27	28	0.59	0.46	3.28578e+06
32	64	525	218	54	55	2.09	1.62	1.43754e+06
32	64	550	217	79	80	3.11	2.33	1.57525e+06
32	64	537	202	81	82	3.14	2.38	1.88799e+06
32	64	520	417	135	136	9.06	7.23	1.7725e+06
32	64	511	386	174	175	12.1	9.32	1.92994e+06
32	64	509	367	98	99	5.94	4.84	2.14694e+06
64	64	211	89	59	60	2.76	2.25	5.18797e+06
64	64	199	78	18	19	0.94	0.77	5.17871e+06
64	64	217	90	19	20	1	0.85	6.47021e+06
64	64	201	160	79	80	5.64	4.8	6.69636e+06
64	64	192	154	39	40	2.05	1.78	6.46665e+06
64	64	198	165	24	25	1.11	0.87	6.56518e+06
64	64	521	206	83	84	6.79	5.13	3.19443e+06
64	64	517	194	107	108	8.9	6.6	3.34666e+06
64	64	509	179	36	37	3.03	2.27	3.71231e+06
64	64	539	434	175	176	24.47	19.06	3.98532e+06
64	64	522	423	193	194	29.04	23.17	4.60373e+06
64	64	511	387	129	130	16.62	12.93	4.62313e+06
4	128	388	160	35	36	0.35	0.31	1.26957e+06
4	128	391	144	22	23	0.23	0.19	1.37398e+06
4	128	386	58	12	13	0.13	0.13	1.38135e+06
4	128	378	300	58	59	0.67	0.55	1.42604e+06
4	128	379	267	43	44	0.41	0.35	1.48147e+06
4	128	383	98	9	10	0.08	0.06	1.56641e+06
4	128	1017	370	24	25	0.31	0.25	645505
4	128	1010	312	25	26	0.41	0.32	740362
4	128	989	153	17	18	0.25	0.23	828602
4	128	993	751	81	82	1.91	1.6	770361
4	128	1011	638	76	77	1.39	1.18	822601
4	128	997	262	47	48	0.81	0.69	919638
8	128	392	163	33	34	0.83	0.78	2.38444e+06
8	128	396	155	30	31	0.5	0.44	2.4788e+06
8	128	388	103	21	22	0.31	0.25	2.61331e+06
8	128	392	303	87	88	2.39	2.15	2.98126e+06
8	128	391	305	67	68	1.47	1.3	3.20693e+06
8	128	384	178	30	31	0.46	0.42	3.42348e+06
8	128	1066	425	99	100	2.9	2.3	1.30099e+06
8	128	1084	390	62	63	1.92	1.54	1.46456e+06
8	128	1075	266	49	50	1.25	1.07	1.68303e+06
8	128	1092	827	146	147	7.58	6.43	1.52677e+06
8	128	1076	755	140	141	6.74	5.49	1.70563e+06
8	128	1089	489	105	106	4.51	3.76	1.92413e+06
16	128	404	161	33	34	0.98	0.84	4.81618e+06
16	128	410	164	33	34	1.06	0.95	5.1341e+06
16	128	414	152	41	42	0.9	0.74	5.42293e+06
16	128	387	315	110	111	4.91	4.31	5.86642e+06
16	128	383	313	87	88	3.53	2.98	6.04649e+06
16	128	390	255	43	44	1.46	1.23	6.27747e+06
16	128	1154	450	197	198	15	12.79	2.75142e+06
16	128	1154	442	160	161	11.23	9.49	3.24124e+06
16	128	1138	384	71	72	4.27	3.52	3.49196e+06
16	128	1122	866	342	343	39.96	31.13	3.18094e+06
16	128	1123	885	231	232	25.26	20.74	3.6421e+06
16	128	1114	705	273	274	27.05	22.4	4.14506e+06
32	128	399	150	101	102	6.52	5.73	1.11866e+07
32	128	400	155	33	34	2.64	2.44	1.18639e+07
32	128	405	146	30	31	1.74	1.59	1.24767e+07
32	128	413	324	99	100	9.81	8.81	1.2715e+07
32	128	412	311	89	90	7.82	6.93	1.35828e+07
32	128	413	300	117	118	5.59	4.77	1.46174e+07
32	128	1178	457	151	152	22.99	19.67	5.8796e+06
32	128	1127	433	141	142	21.09	17.76	6.65543e+06
32	128	1138	426	93	94	13.28	11.21	7.6877e+06
32	128	1147	909	378	379	90.42	74.62	7.67673e+06
32	128	1173	915	494	495	115.03	91.01	8.60113e+06
32	128	1141	814	184	185	35.65	29.83	9.78595e+06
64	128	388	158	59	60	5.97	5.14	2.03834e+07
64	128	394	158	32	33	3.09	2.63	2.12827e+07
64	128	381	150	28	29	2.21	1.82	2.18453e+07
64	128	412	338	120	121	19.83	17.45	2.4987e+07
64	128	406	328	106	107	13.46	11.57	2.60702e+07
64	128	397	319	39	40	5.07	4.34	2.71032e+07
64	128	1184	481	175	176	43.85	35.4	1.16105e+07
64	128	1154	451	149	150	37.19	30.39	1.27077e+07
64	128	1138	443	103	104	25.36	20.7	1.47826e+07
64	128	1182	946	417	418	163.58	131.61	1.69314e+07
64	128	1201	955	218	219	87.73	72.32	1.80808e+07
64	128	1171	896	319	320	121.16	98.21	1.92698e+07
128	128	396	159	53	54	13.22	11.74	4.11121e+07
128	128	399	158	46	47	10.72	9.48	4.25792e+07
128	128	388	150	29	30	6.12	5.29	4.37337e+07
128	128	412	338	89	90	22.44	19.24	4.57021e+07
128	128	401	324	56	57	12.19	10.51	4.73601e+07
128	128	407	334	55	56	9.06	7.38	4.91531e+07
128	128	1221	501	187	188	81.39	61.92	2.42815e+07
128	128	1224	483	74	75	36.69	29.89	2.68135e+07
128	128	1212	473	128	129	56.7	44.44	2.9482e+07
128	128	1213	967	203	204	153.67	122.21	3.37721e+07
128	128	1223	971	181	182	131.4	106.06	3.7411e+07
128	128	1204	959	126	127	92.23	74.21	4.01432e+07
4	256	771	293	63	64	1.59	1.39	4.70649e+06
4	256	783	253	47	48	1.09	1.02	4.86412e+06
4	256	784	96	13	14	0.29	0.27	5.17194e+06
4	256	774	610	298	299	13.77	11.93	6.47187e+06
4	256	784	511	143	144	5.89	5.18	6.78406e+06
4	256	785	185	82	83	2.24	2.06	7.24368e+06
4	256	2007	756	108	109	5.46	4.86	2.9653e+06
4	256	2034	599	54	55	2.04	1.8	3.10205e+06
4	256	2022	261	51	52	2.14	1.9	3.70393e+06
4	256	2027	1526	289	290	24.16	20	3.51422e+06
4	256	2013	1212	233	234	18.96	15.91	4.2399e+06
4	256	2023	537	198	199	12.83	11.25	5.02613e+06
8	256	796	323	47	48	2.56	2.38	9.93776e+06
8	256	797	311	56	57	2.64	2.41	1.07766e+07
8	256	793	174	19	20	0.74	0.68	1.1386e+07
8	256	795	641	248	249	19.8	17.33	1.27052e+07
8	256	806	630	224	225	15.05	13.14	1.34751e+07
8	256	794	362	69	70	3.02	2.73	1.44257e+07
8	256	2152	888	289	290	32.39	27.6	6.09277e+06
8	256	2194	792	156	157	16.19	14.12	6.89083e+06
8	256	2168	510	146	147	15.38	13.78	8.14327e+06
8	256	2187	1716	553	554	102	81.22	7.57664e+06
8	256	2179	1573	351	352	56.23	46.98	8.31348e+06
8	256	2165	999	271	272	35.08	30.09	9.91942e+06
16	256	804	324	82	83	6.86	6.31	2.20657e+07
16	256	799	327	99	100	7.26	6.53	2.40981e+07
16	256	795	269	43	44	2.56	2.27	2.58384e+07
16	256	824	648	220	221	26.31	23.69	2.47377e+07
16	256	820	639	221	222	26.99	24.51	2.62475e+07
16	256	850	530	150	151	11.98	10.5	2.7673e+07
16	256	2252	905	291	292	59.96	51.78	1.27479e+07
16	256	2316	878	214	215	44.8	39.3	1.47959e+07
16	256	2271	746	176	177	32.45	28.55	1.83691e+07
16	256	2275	1779	714	715	265.14	208.79	1.57006e+07
16	256	2325	1762	475	476	160.04	132.82	1.7837e+07
16	256	2308	1446	287	288	85.8	73.63	2.06928e+07
32	256	820	336	92	93	12.42	11.33	4.10905e+07
32	256	817	329	97	98	14.35	13.06	4.39013e+07
32	256	812	321	56	57	6.25	5.47	4.73329e+07
32	256	812	637	337	338	81.44	74.17	5.27988e+07
32	256	810	641	215	216	48.01	43.51	5.48895e+07
32	256	837	611	72	73	12.03	10.7	5.75481e+07
32	256	2347	938	328	329	124.88	105.75	2.51204e+07
32	256	2318	910	185	186	64.5	55.31	2.95395e+07
32	256	2327	868	135	136	47.7	41.88	3.52354e+07
32	256	2331	1846	628	629	387.14	317.14	3.64467e+07
32	256	2318	1795	521	522	296.75	249.87	4.03948e+07
32	256	2314	1656	374	375	195.04	165.63	4.5671e+07
64	256	811	317	69	70	20.06	18.08	8.18274e+07
64	256	836	335	120	121	27.21	24.31	8.67818e+07
64	256	827	328	56	57	13.34	11.74	9.32092e+07
64	256	794	648	200	201	90.22	82.28	1.02861e+08
64	256	808	654	159	160	51.7	46.31	1.06569e+08
64	256	801	640	69	70	22.26	19.98	1.118e+08
64	256	2318	938	347	348	215.82	178.2	5.23579e+07
64	256	2330	897	192	193	139.09	118.11	5.71357e+07
64	256	2362	930	107	108	83.42	71.87	7.03275e+07
64	256	2336	1858	567	568	548.96	449.28	7.47951e+07
64	256	2334	1849	413	414	366.38	299.68	8.21048e+07
64	256	2320	1778	173	174	158.56	133.77	9.22493e+07
128	256	805	298	200	201	128.52	117.3	1.71694e+08
128	256	821	307	99	100	57.91	52.41	1.85066e+08
128	256	815	307	65	66	29.46	25.93	1.96849e+08
128	256	812	653	196	197	198	182.19	2.04313e+08
128	256	813	658	129	130	103.83	94.02	2.14124e+08
128	256	810	653	75	76	40.43	35.04	2.22292e+08
128	256	2297	881	212	213	230.16	187.46	1.09093e+08
128	256	2388	919	198	199	212.81	171.71	1.32313e+08
128	256	2347	927	126	127	149.46	124	1.5049e+08
128	256	2342	1871	337	338	687.83	575.56	1.611e+08
128	256	2359	1880	279	280	506.39	417.07	1.77895e+08
128	256	2358	1833	212	213	332.8	271.4	1.90137e+08
256	256	822	315	158	159	298.31	279.4	3.26906e+08
256	256	825	315	130	131	180.08	165.91	3.52331e+08
256	256	824	313	81	82	71.72	62.61	3.73723e+08
256	256	836	673	196	197	387.45	354.24	3.9799e+08
256	256	827	684	247	248	463.93	421.31	4.26911e+08
256	256	827	680	73	74	98.38	87.26	4.40983e+08
256	256	2186	829	175	176	353.23	287.42	2.2758e+08
256	256	2174	876	160	161	347.08	285.19	2.55915e+08
256	256	2143	818	110	111	209.38	170.03	2.97351e+08
256	256	2188	1767	360	361	1418.93	1202.45	3.25219e+08
256	256	2178	1766	335	336	1101.02	900.4	3.587e+08
256	256	2204	1784	135	136	420.22	344.28	3.97882e+08
