
4	64	196	82	0.07	290806
4	64	200	63	0.1	336020
4	64	189	32	0.07	348967
4	64	194	140	0.15	412476
4	64	201	136	0.17	444791
4	64	203	56	0.08	506554
4	64	520	184	0.17	157601
4	64	528	161	0.15	183884
4	64	532	69	0.1	192119
4	64	537	391	0.14	184916
4	64	522	307	0.17	193238
4	64	524	149	0.15	192400
8	64	200	81	0.12	622280
8	64	192	67	0.08	649767
8	64	198	56	0.14	750938
8	64	195	147	0.31	761863
8	64	203	152	0.57	753928
8	64	191	87	0.21	929067
8	64	541	226	1.05	304046
8	64	557	199	0.31	355700
8	64	531	118	0.37	357649
8	64	561	428	0.75	361803
8	64	553	377	0.91	418824
8	64	532	260	1.43	394051
16	64	187	67	0.7	1.37723e+06
16	64	208	79	0.39	1.27969e+06
16	64	199	66	0.94	1.39e+06
16	64	202	146	1.9	1.55967e+06
16	64	185	139	1.06	1.68337e+06
16	64	193	134	1.12	1.56533e+06
16	64	515	203	2.64	755102
16	64	522	190	2.49	818424
16	64	529	169	3.95	856640
16	64	514	388	6.12	871916
16	64	520	384	8.87	950437
16	64	497	325	10.68	1.07147e+06
32	64	208	84	4.4	2.54071e+06
32	64	200	73	4.01	2.65215e+06
32	64	187	70	2.51	2.73591e+06
32	64	200	150	11.55	3.84947e+06
32	64	201	155	6.94	3.08281e+06
32	64	196	160	4.88	3.28446e+06
32	64	525	218	10.64	1.43754e+06
32	64	550	217	14.18	1.57525e+06
32	64	537	202	21.4	1.88799e+06
32	64	520	417	46.4	1.7725e+06
32	64	511	386	77.45	1.92995e+06
32	64	509	367	60.11	2.14694e+06
64	64	211	89	30.38	5.18797e+06
64	64	199	78	22.37	5.17871e+06
64	64	217	90	26.69	6.47018e+06
64	64	201	160	41.35	6.69637e+06
64	64	192	154	22.9	6.46666e+06
64	64	198	165	19.3	6.56518e+06
64	64	521	206	68.68	3.19443e+06
64	64	517	194	107.84	3.34666e+06
64	64	509	179	89.01	3.71231e+06
64	64	539	434	275.16	3.98532e+06
64	64	522	423	594.6	4.60373e+06
64	64	511	387	466.88	4.62314e+06
4	128	388	160	0.51	1.26957e+06
4	128	391	144	0.34	1.37398e+06
4	128	386	58	0.15	1.38135e+06
4	128	378	300	0.71	1.42604e+06
4	128	379	267	0.56	1.48147e+06
4	128	383	98	0.12	1.56641e+06
4	128	1017	370	0.65	645505
4	128	1010	312	1.25	740362
4	128	989	153	0.62	828602
4	128	993	751	1.94	770361
4	128	1011	638	2.01	822602
4	128	997	262	1.39	919643
8	128	392	163	1.89	2.38448e+06
8	128	396	155	1.37	2.4788e+06
8	128	388	103	0.69	2.61332e+06
8	128	392	303	2.58	2.98126e+06
8	128	391	305	2.52	3.20693e+06
8	128	384	178	1.1	3.42348e+06
8	128	1066	425	4.27	1.301e+06
8	128	1084	390	4.6	1.46456e+06
8	128	1075	266	4.71	1.68303e+06
8	128	1092	827	11.25	1.52677e+06
8	128	1076	755	10.63	1.70566e+06
8	128	1089	489	11.82	1.92413e+06
16	128	404	161	3.22	4.81618e+06
16	128	410	164	5.89	5.1341e+06
16	128	414	152	3.1	5.42367e+06
16	128	387	315	9.87	5.86643e+06
16	128	383	313	9.29	6.04649e+06
16	128	390	255	6.98	6.27748e+06
16	128	1154	450	32.44	2.75142e+06
16	128	1154	442	38.78	3.24124e+06
16	128	1138	384	25.74	3.49196e+06
16	128	1122	866	135.78	3.18097e+06
16	128	1123	885	110.95	3.6421e+06
16	128	1114	705	104.74	4.14508e+06
32	128	399	150	38.4	1.11866e+07
32	128	400	155	39.3	1.18639e+07
32	128	405	146	20.04	1.24744e+07
32	128	413	324	79.68	1.2715e+07
32	128	412	311	59.99	1.35828e+07
32	128	413	300	34.68	1.46047e+07
32	128	1178	457	149.71	5.87961e+06
32	128	1127	433	269.6	6.65547e+06
32	128	1138	426	231.51	7.68771e+06
32	128	1147	909	1725.17	7.67675e+06
32	128	1173	915	2001.68	8.60115e+06
32	128	1141	814	1392.03	9.78596e+06
64	128	388	158	76.66	2.03834e+07
64	128	394	158	74.45	2.12827e+07
64	128	381	150	35.19	2.18453e+07
64	128	412	338	203.7	2.4987e+07
64	128	406	328	190.42	2.6069e+07
64	128	397	319	194.8	2.71033e+07
64	128	1184	481	561.16	1.16106e+07
64	128	1154	451	796.5	1.27077e+07
64	128	1138	443	974.48	1.47827e+07
64	128	1182	946	6488.83	1.69314e+07
64	128	1201	955	7453.66	1.80808e+07
64	128	1171	896	9535.96	1.92698e+07
128	128	396	159	395.1	4.11117e+07
128	128	399	158	428.83	4.25793e+07
128	128	388	150	237.35	4.37331e+07
128	128	412	338	634.73	4.57021e+07
128	128	401	324	550.15	4.73596e+07
128	128	407	334	445.49	4.91449e+07
128	128	1221	501	2457.19	2.42815e+07
128	128	1224	483	2768.22	2.68135e+07
128	128	1212	473	4061.98	2.94821e+07
128	128	1213	967	19428.7	3.37721e+07
128	128	1223	971	22280.8	3.7411e+07
128	128	1204	959	24574.7	4.01432e+07
4	256	771	293	1.75	4.70649e+06
4	256	783	253	1.89	4.86412e+06
4	256	784	96	0.78	5.17194e+06
4	256	774	610	8.91	6.4719e+06
4	256	784	511	6.45	6.78234e+06
4	256	785	185	2.42	7.24368e+06
4	256	2007	756	7.09	2.9653e+06
4	256	2034	599	5.09	3.10205e+06
4	256	2022	261	5.47	3.70394e+06
4	256	2027	1526	32.62	3.51422e+06
4	256	2013	1212	30.96	4.2399e+06
4	256	2023	537	15.09	5.02613e+06
8	256	796	323	8.83	9.93777e+06
8	256	797	311	6.18	1.07767e+07
8	256	793	174	2.22	1.1386e+07
8	256	795	641	23.52	1.27053e+07
8	256	806	630	15.49	1.34454e+07
8	256	794	362	8	1.44258e+07
8	256	2152	888	57.66	6.09277e+06
8	256	2194	792	53.07	6.89087e+06
8	256	2168	510	55.27	8.1433e+06
8	256	2187	1716	519.97	7.57666e+06
8	256	2179	1573	345.62	8.31351e+06
8	256	2165	999	174.88	9.91948e+06
16	256	804	324	40.33	2.20658e+07
16	256	799	327	30.12	2.40891e+07
16	256	795	269	14.04	2.58317e+07
16	256	824	648	88.3	2.47378e+07
16	256	820	639	101.1	2.62475e+07
16	256	850	530	41.64	2.76731e+07
16	256	2252	905	282.59	1.27479e+07
16	256	2316	878	284.17	1.47959e+07
16	256	2271	746	250.75	1.83692e+07
16	256	2275	1779	4660.8	1.57006e+07
16	256	2325	1762	3224.14	1.7837e+07
16	256	2308	1446	2444.36	2.06929e+07
32	256	820	336	122.49	4.10905e+07
32	256	817	329	111.7	4.38903e+07
32	256	812	321	67.73	4.73196e+07
32	256	812	637	579.81	5.27991e+07
32	256	810	641	645.03	5.48896e+07
32	256	837	611	242.09	5.75482e+07
32	256	2347	938	933.83	2.51205e+07
32	256	2318	910	1166	2.95396e+07
32	256	2327	868	1517.57	3.52354e+07
32	256	2331	1846	28468.3	3.64468e+07
32	256	2318	1795	24809.5	4.03949e+07
32	256	2314	1656	20601.3	4.56711e+07
64	256	811	317	602.56	8.18275e+07
64	256	836	335	535.95	8.6782e+07
64	256	827	328	428.83	9.32093e+07
64	256	794	648	1584.65	1.02861e+08
64	256	808	654	1218.05	1.06555e+08
64	256	801	640	789.34	1.11802e+08
64	256	2318	938	5829.54	5.2358e+07
64	256	2330	897	6240.43	5.71358e+07
64	256	2362	930	9826.72	7.03277e+07
64	256	2336	1858	68973.4	7.47952e+07
64	256	2334	1849	58535.7	8.21049e+07
64	256	2320	1778	67047.6	9.22494e+07
128	256	805	298	2886.16	1.71694e+08
128	256	821	307	2200.53	1.85056e+08
128	256	815	307	1580.45	1.96841e+08
128	256	812	653	6949.27	2.04313e+08
128	256	813	658	5577.01	2.14088e+08
128	256	810	653	3072.22	2.22286e+08
128	256	2297	881	14424.1	1.09092e+08
128	256	2388	919	18622	1.32313e+08
128	256	2347	927	24354.5	1.5049e+08
128	256	2342	1871	202906	1.611e+08
128	256	2359	1880	253434	1.77895e+08
128	256	2358	1833	202269	1.90137e+08
256	256	822	315	22093.9	3.26903e+08
256	256	825	315	18069.7	3.52333e+08
256	256	824	313	8289.06	3.73685e+08
256	256	836	673	35131.9	3.9799e+08
256	256	827	684	33614.6	4.26894e+08
256	256	827	680	14129.7	4.40951e+08
256	256	2186	829	39383.2	2.27581e+08
256	256	2174	876	54120	2.55916e+08
256	256	2143	818	45213.7	2.97351e+08
256	256	2188	1767	> 4e6
256	256	2178	1766	> 4e6
256	256	2204	1784	> 4e6
