[0 1 0 1 0 0 0]: 
[0 1 0 1 0 2 0]: 
[0 1 0 1 0 2 1.5]: 
[0 1 0 1 0 2 -1.5]: 
[0 1 0 1 0 258 0]: 
[0 1 0 1 0 258 1.5]: 
[0 1 0 1 0 258 -1.5]: 
[0 1 0 1 0 514 0]: 
[0 1 0 1 0 514 1.5]: 
[0 1 0 1 0 514 -1.5]: 
[0 1 0 1 0 770 0]: 
[0 1 0 1 0 770 1.5]: 
[0 1 0 1 0 770 -1.5]: 
[0 1 0 1 1 0 0]: 
[0 1 0 1 1 0 1.5]: 
[0 1 0 1 1 0 -1.5]: 
[0 1 0 1 1 2 0]: 
[0 1 0 1 1 2 1.5]: 
[0 1 0 1 1 2 -1.5]: 
[0 1 0 1 1 258 0]: 
[0 1 0 1 1 258 1.5]: 
[0 1 0 1 1 258 -1.5]: 
[0 1 0 1 1 514 0]: 
[0 1 0 1 1 514 1.5]: 
[0 1 0 1 1 514 -1.5]: 
[0 1 0 1 1 770 0]: 
[0 1 0 1 1 770 1.5]: 
[0 1 0 1 1 770 -1.5]: 
[0 1 0 1 65 0 0]: 
[0 1 0 1 65 0 1.5]: 
[0 1 0 1 65 0 -1.5]: 
[0 1 0 1 65 2 0]: 
[0 1 0 1 65 2 1.5]: 
[0 1 0 1 65 2 -1.5]: 
[0 1 0 1 65 258 0]: 
[0 1 0 1 65 258 1.5]: 
[0 1 0 1 65 258 -1.5]: 
[0 1 0 1 65 514 0]: 
[0 1 0 1 65 514 1.5]: 
[0 1 0 1 65 514 -1.5]: 
[0 1 0 1 65 770 0]: 
[0 1 0 1 65 770 1.5]: 
[0 1 0 1 65 770 -1.5]: 
[0 1 0 1 129 0 0]: 
[0 1 0 1 129 0 1.5]: 
[0 1 0 1 129 0 -1.5]: 
[0 1 0 1 129 2 0]: 
[0 1 0 1 129 2 1.5]: 
[0 1 0 1 129 2 -1.5]: 
[0 1 0 1 129 258 0]: 
[0 1 0 1 129 258 1.5]: 
[0 1 0 1 129 258 -1.5]: 
[0 1 0 1 129 514 0]: 
[0 1 0 1 129 514 1.5]: 
[0 1 0 1 129 514 -1.5]: 
[0 1 0 1 129 770 0]: 
[0 1 0 1 129 770 1.5]: 
[0 1 0 1 129 770 -1.5]: 
[0 1 0 1 193 0 0]: 
[0 1 0 1 193 0 1.5]: 
[0 1 0 1 193 0 -1.5]: 
[0 1 0 1 193 2 0]: 
[0 1 0 1 193 2 1.5]: 
[0 1 0 1 193 2 -1.5]: 
[0 1 0 1 193 258 0]: 
[0 1 0 1 193 258 1.5]: 
[0 1 0 1 193 258 -1.5]: 
[0 1 0 1 193 514 0]: 
[0 1 0 1 193 514 1.5]: 
[0 1 0 1 193 514 -1.5]: 
[0 1 0 1 193 770 0]: 
[0 1 0 1 193 770 1.5]: 
[0 1 0 1 193 770 -1.5]: 
[0 1 0 2 0 0 0]: 
[0 1 0 2 0 2 0]: 
[0 1 0 2 0 2 1.5]: 
[0 1 0 2 0 2 -1.5]: 
[0 1 0 2 0 258 0]: 
[0 1 0 2 0 258 1.5]: 
[0 1 0 2 0 258 -1.5]: 
[0 1 0 2 0 514 0]: 
[0 1 0 2 0 514 1.5]: 
[0 1 0 2 0 514 -1.5]: 
[0 1 0 2 0 770 0]: 
[0 1 0 2 0 770 1.5]: 
[0 1 0 2 0 770 -1.5]: 
[0 1 0 2 1 0 0]: 
[0 1 0 2 1 0 1.5]: 
[0 1 0 2 1 0 -1.5]: 
[0 1 0 2 1 2 0]: 
[0 1 0 2 1 2 1.5]: 
[0 1 0 2 1 2 -1.5]: 
[0 1 0 2 1 258 0]: 
[0 1 0 2 1 258 1.5]: 
[0 1 0 2 1 258 -1.5]: 
[0 1 0 2 1 514 0]: 
[0 1 0 2 1 514 1.5]: 
[0 1 0 2 1 514 -1.5]: 
[0 1 0 2 1 770 0]: 
[0 1 0 2 1 770 1.5]: 
[0 1 0 2 1 770 -1.5]: 
[0 1 0 2 65 0 0]: 
[0 1 0 2 65 0 1.5]: 
[0 1 0 2 65 0 -1.5]: 
[0 1 0 2 65 2 0]: 
[0 1 0 2 65 2 1.5]: 
[0 1 0 2 65 2 -1.5]: 
[0 1 0 2 65 258 0]: 
[0 1 0 2 65 258 1.5]: 
[0 1 0 2 65 258 -1.5]: 
[0 1 0 2 65 514 0]: 
[0 1 0 2 65 514 1.5]: 
[0 1 0 2 65 514 -1.5]: 
[0 1 0 2 65 770 0]: 
[0 1 0 2 65 770 1.5]: 
[0 1 0 2 65 770 -1.5]: 
[0 1 0 2 129 0 0]: 
[0 1 0 2 129 0 1.5]: 
[0 1 0 2 129 0 -1.5]: 
[0 1 0 2 129 2 0]: 
[0 1 0 2 129 2 1.5]: 
[0 1 0 2 129 2 -1.5]: 
[0 1 0 2 129 258 0]: 
[0 1 0 2 129 258 1.5]: 
[0 1 0 2 129 258 -1.5]: 
[0 1 0 2 129 514 0]: 
[0 1 0 2 129 514 1.5]: 
[0 1 0 2 129 514 -1.5]: 
[0 1 0 2 129 770 0]: 
[0 1 0 2 129 770 1.5]: 
[0 1 0 2 129 770 -1.5]: 
[0 1 0 2 193 0 0]: 
[0 1 0 2 193 0 1.5]: 
[0 1 0 2 193 0 -1.5]: 
[0 1 0 2 193 2 0]: 
[0 1 0 2 193 2 1.5]: 
[0 1 0 2 193 2 -1.5]: 
[0 1 0 2 193 258 0]: 
[0 1 0 2 193 258 1.5]: 
[0 1 0 2 193 258 -1.5]: 
[0 1 0 2 193 514 0]: 
[0 1 0 2 193 514 1.5]: 
[0 1 0 2 193 514 -1.5]: 
[0 1 0 2 193 770 0]: 
[0 1 0 2 193 770 1.5]: 
[0 1 0 2 193 770 -1.5]: 
[0 1 1 1 0 0 0]: 
[0 1 1 1 0 2 0]: 
[0 1 1 1 0 2 1.5]: 
[0 1 1 1 0 2 -1.5]: 
[0 1 1 1 0 258 0]: 
[0 1 1 1 0 258 1.5]: 
[0 1 1 1 0 258 -1.5]: 
[0 1 1 1 0 514 0]: 
[0 1 1 1 0 514 1.5]: 
[0 1 1 1 0 514 -1.5]: 
[0 1 1 1 0 770 0]: 
[0 1 1 1 0 770 1.5]: 
[0 1 1 1 0 770 -1.5]: 
[0 1 1 1 1 0 0]: 
[0 1 1 1 1 0 1.5]: 
[0 1 1 1 1 0 -1.5]: 
[0 1 1 1 1 2 0]: 
[0 1 1 1 1 2 1.5]: 
[0 1 1 1 1 2 -1.5]: 
[0 1 1 1 1 258 0]: 
[0 1 1 1 1 258 1.5]: 
[0 1 1 1 1 258 -1.5]: 
[0 1 1 1 1 514 0]: 
[0 1 1 1 1 514 1.5]: 
[0 1 1 1 1 514 -1.5]: 
[0 1 1 1 1 770 0]: 
[0 1 1 1 1 770 1.5]: 
[0 1 1 1 1 770 -1.5]: 
[0 1 1 1 65 0 0]: 
[0 1 1 1 65 0 1.5]: 
[0 1 1 1 65 0 -1.5]: 
[0 1 1 1 65 2 0]: 
[0 1 1 1 65 2 1.5]: 
[0 1 1 1 65 2 -1.5]: 
[0 1 1 1 65 258 0]: 
[0 1 1 1 65 258 1.5]: 
[0 1 1 1 65 258 -1.5]: 
[0 1 1 1 65 514 0]: 
[0 1 1 1 65 514 1.5]: 
[0 1 1 1 65 514 -1.5]: 
[0 1 1 1 65 770 0]: 
[0 1 1 1 65 770 1.5]: 
[0 1 1 1 65 770 -1.5]: 
[0 1 1 1 129 0 0]: 
[0 1 1 1 129 0 1.5]: 
[0 1 1 1 129 0 -1.5]: 
[0 1 1 1 129 2 0]: 
[0 1 1 1 129 2 1.5]: 
[0 1 1 1 129 2 -1.5]: 
[0 1 1 1 129 258 0]: 
[0 1 1 1 129 258 1.5]: 
[0 1 1 1 129 258 -1.5]: 
[0 1 1 1 129 514 0]: 
[0 1 1 1 129 514 1.5]: 
[0 1 1 1 129 514 -1.5]: 
[0 1 1 1 129 770 0]: 
[0 1 1 1 129 770 1.5]: 
[0 1 1 1 129 770 -1.5]: 
[0 1 1 1 193 0 0]: 
[0 1 1 1 193 0 1.5]: 
[0 1 1 1 193 0 -1.5]: 
[0 1 1 1 193 2 0]: 
[0 1 1 1 193 2 1.5]: 
[0 1 1 1 193 2 -1.5]: 
[0 1 1 1 193 258 0]: 
[0 1 1 1 193 258 1.5]: 
[0 1 1 1 193 258 -1.5]: 
[0 1 1 1 193 514 0]: 
[0 1 1 1 193 514 1.5]: 
[0 1 1 1 193 514 -1.5]: 
[0 1 1 1 193 770 0]: 
[0 1 1 1 193 770 1.5]: 
[0 1 1 1 193 770 -1.5]: 
[0 1 1 2 0 0 0]: 
[0 1 1 2 0 2 0]: 
[0 1 1 2 0 2 1.5]: 
[0 1 1 2 0 2 -1.5]: 
[0 1 1 2 0 258 0]: 
[0 1 1 2 0 258 1.5]: 
[0 1 1 2 0 258 -1.5]: 
[0 1 1 2 0 514 0]: 
[0 1 1 2 0 514 1.5]: 
[0 1 1 2 0 514 -1.5]: 
[0 1 1 2 0 770 0]: 
[0 1 1 2 0 770 1.5]: 
[0 1 1 2 0 770 -1.5]: 
[0 1 1 2 1 0 0]: 
[0 1 1 2 1 0 1.5]: 
[0 1 1 2 1 0 -1.5]: 
[0 1 1 2 1 2 0]: 
[0 1 1 2 1 2 1.5]: 
[0 1 1 2 1 2 -1.5]: 
[0 1 1 2 1 258 0]: 
[0 1 1 2 1 258 1.5]: 
[0 1 1 2 1 258 -1.5]: 
[0 1 1 2 1 514 0]: 
[0 1 1 2 1 514 1.5]: 
[0 1 1 2 1 514 -1.5]: 
[0 1 1 2 1 770 0]: 
[0 1 1 2 1 770 1.5]: 
[0 1 1 2 1 770 -1.5]: 
[0 1 1 2 65 0 0]: 
[0 1 1 2 65 0 1.5]: 
[0 1 1 2 65 0 -1.5]: 
[0 1 1 2 65 2 0]: 
[0 1 1 2 65 2 1.5]: 
[0 1 1 2 65 2 -1.5]: 
[0 1 1 2 65 258 0]: 
[0 1 1 2 65 258 1.5]: 
[0 1 1 2 65 258 -1.5]: 
[0 1 1 2 65 514 0]: 
[0 1 1 2 65 514 1.5]: 
[0 1 1 2 65 514 -1.5]: 
[0 1 1 2 65 770 0]: 
[0 1 1 2 65 770 1.5]: 
[0 1 1 2 65 770 -1.5]: 
[0 1 1 2 129 0 0]: 
[0 1 1 2 129 0 1.5]: 
[0 1 1 2 129 0 -1.5]: 
[0 1 1 2 129 2 0]: 
[0 1 1 2 129 2 1.5]: 
[0 1 1 2 129 2 -1.5]: 
[0 1 1 2 129 258 0]: 
[0 1 1 2 129 258 1.5]: 
[0 1 1 2 129 258 -1.5]: 
[0 1 1 2 129 514 0]: 
[0 1 1 2 129 514 1.5]: 
[0 1 1 2 129 514 -1.5]: 
[0 1 1 2 129 770 0]: 
[0 1 1 2 129 770 1.5]: 
[0 1 1 2 129 770 -1.5]: 
[0 1 1 2 193 0 0]: 
[0 1 1 2 193 0 1.5]: 
[0 1 1 2 193 0 -1.5]: 
[0 1 1 2 193 2 0]: 
[0 1 1 2 193 2 1.5]: 
[0 1 1 2 193 2 -1.5]: 
[0 1 1 2 193 258 0]: 
[0 1 1 2 193 258 1.5]: 
[0 1 1 2 193 258 -1.5]: 
[0 1 1 2 193 514 0]: 
[0 1 1 2 193 514 1.5]: 
[0 1 1 2 193 514 -1.5]: 
[0 1 1 2 193 770 0]: 
[0 1 1 2 193 770 1.5]: 
[0 1 1 2 193 770 -1.5]: 
[4 1e-1 0 1 0 0 0]: 
[4 1e-1 0 1 0 2 0]: 
[4 1e-1 0 1 0 2 1.5]: 
[4 1e-1 0 1 0 2 -1.5]: 
[4 1e-1 0 1 0 258 0]: 
[4 1e-1 0 1 0 258 1.5]: 
[4 1e-1 0 1 0 258 -1.5]: 
[4 1e-1 0 1 0 514 0]: 
[4 1e-1 0 1 0 514 1.5]: 
[4 1e-1 0 1 0 514 -1.5]: 
[4 1e-1 0 1 0 770 0]: 
[4 1e-1 0 1 0 770 1.5]: 
[4 1e-1 0 1 0 770 -1.5]: 
[4 1e-1 0 1 1 0 0]: 
[4 1e-1 0 1 1 0 1.5]: 
[4 1e-1 0 1 1 0 -1.5]: 
[4 1e-1 0 1 1 2 0]: 
[4 1e-1 0 1 1 2 1.5]: 
[4 1e-1 0 1 1 2 -1.5]: 
[4 1e-1 0 1 1 258 0]: 
[4 1e-1 0 1 1 258 1.5]: 
[4 1e-1 0 1 1 258 -1.5]: 
[4 1e-1 0 1 1 514 0]: 
[4 1e-1 0 1 1 514 1.5]: 
[4 1e-1 0 1 1 514 -1.5]: 
[4 1e-1 0 1 1 770 0]: 
[4 1e-1 0 1 1 770 1.5]: 
[4 1e-1 0 1 1 770 -1.5]: 
[4 1e-1 0 1 65 0 0]: 
[4 1e-1 0 1 65 0 1.5]: 
[4 1e-1 0 1 65 0 -1.5]: 
[4 1e-1 0 1 65 2 0]: 
[4 1e-1 0 1 65 2 1.5]: 
[4 1e-1 0 1 65 2 -1.5]: 
[4 1e-1 0 1 65 258 0]: 
[4 1e-1 0 1 65 258 1.5]: 
[4 1e-1 0 1 65 258 -1.5]: 
[4 1e-1 0 1 65 514 0]: 
[4 1e-1 0 1 65 514 1.5]: 
[4 1e-1 0 1 65 514 -1.5]: 
[4 1e-1 0 1 65 770 0]: 
[4 1e-1 0 1 65 770 1.5]: 
[4 1e-1 0 1 65 770 -1.5]: 
[4 1e-1 0 1 129 0 0]: 
[4 1e-1 0 1 129 0 1.5]: 
[4 1e-1 0 1 129 0 -1.5]: 
[4 1e-1 0 1 129 2 0]: 
[4 1e-1 0 1 129 2 1.5]: 
[4 1e-1 0 1 129 2 -1.5]: 
[4 1e-1 0 1 129 258 0]: 
[4 1e-1 0 1 129 258 1.5]: 
[4 1e-1 0 1 129 258 -1.5]: 
[4 1e-1 0 1 129 514 0]: 
[4 1e-1 0 1 129 514 1.5]: 
[4 1e-1 0 1 129 514 -1.5]: 
[4 1e-1 0 1 129 770 0]: 
[4 1e-1 0 1 129 770 1.5]: 
[4 1e-1 0 1 129 770 -1.5]: 
[4 1e-1 0 1 193 0 0]: 
[4 1e-1 0 1 193 0 1.5]: 
[4 1e-1 0 1 193 0 -1.5]: 
[4 1e-1 0 1 193 2 0]: 
[4 1e-1 0 1 193 2 1.5]: 
[4 1e-1 0 1 193 2 -1.5]: 
[4 1e-1 0 1 193 258 0]: 
[4 1e-1 0 1 193 258 1.5]: 
[4 1e-1 0 1 193 258 -1.5]: 
[4 1e-1 0 1 193 514 0]: 
[4 1e-1 0 1 193 514 1.5]: 
[4 1e-1 0 1 193 514 -1.5]: 
[4 1e-1 0 1 193 770 0]: 
[4 1e-1 0 1 193 770 1.5]: 
[4 1e-1 0 1 193 770 -1.5]: 
[4 1e-1 0 2 0 0 0]: 
[4 1e-1 0 2 0 2 0]: 
[4 1e-1 0 2 0 2 1.5]: 
[4 1e-1 0 2 0 2 -1.5]: 
[4 1e-1 0 2 0 258 0]: 
[4 1e-1 0 2 0 258 1.5]: 
[4 1e-1 0 2 0 258 -1.5]: 
[4 1e-1 0 2 0 514 0]: 
[4 1e-1 0 2 0 514 1.5]: 
[4 1e-1 0 2 0 514 -1.5]: 
[4 1e-1 0 2 0 770 0]: 
[4 1e-1 0 2 0 770 1.5]: 
[4 1e-1 0 2 0 770 -1.5]: 
[4 1e-1 0 2 1 0 0]: 
[4 1e-1 0 2 1 0 1.5]: 
[4 1e-1 0 2 1 0 -1.5]: 
[4 1e-1 0 2 1 2 0]: 
[4 1e-1 0 2 1 2 1.5]: 
[4 1e-1 0 2 1 2 -1.5]: 
[4 1e-1 0 2 1 258 0]: 
[4 1e-1 0 2 1 258 1.5]: 
[4 1e-1 0 2 1 258 -1.5]: 
[4 1e-1 0 2 1 514 0]: 
[4 1e-1 0 2 1 514 1.5]: 
[4 1e-1 0 2 1 514 -1.5]: 
[4 1e-1 0 2 1 770 0]: 
[4 1e-1 0 2 1 770 1.5]: 
[4 1e-1 0 2 1 770 -1.5]: 
[4 1e-1 0 2 65 0 0]: 
[4 1e-1 0 2 65 0 1.5]: 
[4 1e-1 0 2 65 0 -1.5]: 
[4 1e-1 0 2 65 2 0]: 
[4 1e-1 0 2 65 2 1.5]: 
[4 1e-1 0 2 65 2 -1.5]: 
[4 1e-1 0 2 65 258 0]: 
[4 1e-1 0 2 65 258 1.5]: 
[4 1e-1 0 2 65 258 -1.5]: 
[4 1e-1 0 2 65 514 0]: 
[4 1e-1 0 2 65 514 1.5]: 
[4 1e-1 0 2 65 514 -1.5]: 
[4 1e-1 0 2 65 770 0]: 
[4 1e-1 0 2 65 770 1.5]: 
[4 1e-1 0 2 65 770 -1.5]: 
[4 1e-1 0 2 129 0 0]: 
[4 1e-1 0 2 129 0 1.5]: 
[4 1e-1 0 2 129 0 -1.5]: 
[4 1e-1 0 2 129 2 0]: 
[4 1e-1 0 2 129 2 1.5]: 
[4 1e-1 0 2 129 2 -1.5]: 
[4 1e-1 0 2 129 258 0]: 
[4 1e-1 0 2 129 258 1.5]: 
[4 1e-1 0 2 129 258 -1.5]: 
[4 1e-1 0 2 129 514 0]: 
[4 1e-1 0 2 129 514 1.5]: 
[4 1e-1 0 2 129 514 -1.5]: 
[4 1e-1 0 2 129 770 0]: 
[4 1e-1 0 2 129 770 1.5]: 
[4 1e-1 0 2 129 770 -1.5]: 
[4 1e-1 0 2 193 0 0]: 
[4 1e-1 0 2 193 0 1.5]: 
[4 1e-1 0 2 193 0 -1.5]: 
[4 1e-1 0 2 193 2 0]: 
[4 1e-1 0 2 193 2 1.5]: 
[4 1e-1 0 2 193 2 -1.5]: 
[4 1e-1 0 2 193 258 0]: 
[4 1e-1 0 2 193 258 1.5]: 
[4 1e-1 0 2 193 258 -1.5]: 
[4 1e-1 0 2 193 514 0]: 
[4 1e-1 0 2 193 514 1.5]: 
[4 1e-1 0 2 193 514 -1.5]: 
[4 1e-1 0 2 193 770 0]: 
[4 1e-1 0 2 193 770 1.5]: 
[4 1e-1 0 2 193 770 -1.5]: 
[4 1e-1 1 1 0 0 0]: 
[4 1e-1 1 1 0 2 0]: 
[4 1e-1 1 1 0 2 1.5]: 
[4 1e-1 1 1 0 2 -1.5]: 
[4 1e-1 1 1 0 258 0]: 
[4 1e-1 1 1 0 258 1.5]: 
[4 1e-1 1 1 0 258 -1.5]: 
[4 1e-1 1 1 0 514 0]: 
[4 1e-1 1 1 0 514 1.5]: 
[4 1e-1 1 1 0 514 -1.5]: 
[4 1e-1 1 1 0 770 0]: 
[4 1e-1 1 1 0 770 1.5]: 
[4 1e-1 1 1 0 770 -1.5]: 
[4 1e-1 1 1 1 0 0]: 
[4 1e-1 1 1 1 0 1.5]: 
[4 1e-1 1 1 1 0 -1.5]: 
[4 1e-1 1 1 1 2 0]: 
[4 1e-1 1 1 1 2 1.5]: 
[4 1e-1 1 1 1 2 -1.5]: 
[4 1e-1 1 1 1 258 0]: 
[4 1e-1 1 1 1 258 1.5]: 
[4 1e-1 1 1 1 258 -1.5]: 
[4 1e-1 1 1 1 514 0]: 
[4 1e-1 1 1 1 514 1.5]: 
[4 1e-1 1 1 1 514 -1.5]: 
[4 1e-1 1 1 1 770 0]: 
[4 1e-1 1 1 1 770 1.5]: 
[4 1e-1 1 1 1 770 -1.5]: 
[4 1e-1 1 1 65 0 0]: 
[4 1e-1 1 1 65 0 1.5]: 
[4 1e-1 1 1 65 0 -1.5]: 
[4 1e-1 1 1 65 2 0]: 
[4 1e-1 1 1 65 2 1.5]: 
[4 1e-1 1 1 65 2 -1.5]: 
[4 1e-1 1 1 65 258 0]: 
[4 1e-1 1 1 65 258 1.5]: 
[4 1e-1 1 1 65 258 -1.5]: 
[4 1e-1 1 1 65 514 0]: 
[4 1e-1 1 1 65 514 1.5]: 
[4 1e-1 1 1 65 514 -1.5]: 
[4 1e-1 1 1 65 770 0]: 
[4 1e-1 1 1 65 770 1.5]: 
[4 1e-1 1 1 65 770 -1.5]: 
[4 1e-1 1 1 129 0 0]: 
[4 1e-1 1 1 129 0 1.5]: 
[4 1e-1 1 1 129 0 -1.5]: 
[4 1e-1 1 1 129 2 0]: 
[4 1e-1 1 1 129 2 1.5]: 
[4 1e-1 1 1 129 2 -1.5]: 
[4 1e-1 1 1 129 258 0]: 
[4 1e-1 1 1 129 258 1.5]: 
[4 1e-1 1 1 129 258 -1.5]: 
[4 1e-1 1 1 129 514 0]: 
[4 1e-1 1 1 129 514 1.5]: 
[4 1e-1 1 1 129 514 -1.5]: 
[4 1e-1 1 1 129 770 0]: 
[4 1e-1 1 1 129 770 1.5]: 
[4 1e-1 1 1 129 770 -1.5]: 
[4 1e-1 1 1 193 0 0]: 
[4 1e-1 1 1 193 0 1.5]: 
[4 1e-1 1 1 193 0 -1.5]: 
[4 1e-1 1 1 193 2 0]: 
[4 1e-1 1 1 193 2 1.5]: 
[4 1e-1 1 1 193 2 -1.5]: 
[4 1e-1 1 1 193 258 0]: 
[4 1e-1 1 1 193 258 1.5]: 
[4 1e-1 1 1 193 258 -1.5]: 
[4 1e-1 1 1 193 514 0]: 
[4 1e-1 1 1 193 514 1.5]: 
[4 1e-1 1 1 193 514 -1.5]: 
[4 1e-1 1 1 193 770 0]: 
[4 1e-1 1 1 193 770 1.5]: 
[4 1e-1 1 1 193 770 -1.5]: 
[4 1e-1 1 2 0 0 0]: 
[4 1e-1 1 2 0 2 0]: 
[4 1e-1 1 2 0 2 1.5]: 
[4 1e-1 1 2 0 2 -1.5]: 
[4 1e-1 1 2 0 258 0]: 
[4 1e-1 1 2 0 258 1.5]: 
[4 1e-1 1 2 0 258 -1.5]: 
[4 1e-1 1 2 0 514 0]: 
[4 1e-1 1 2 0 514 1.5]: 
[4 1e-1 1 2 0 514 -1.5]: 
[4 1e-1 1 2 0 770 0]: 
[4 1e-1 1 2 0 770 1.5]: 
[4 1e-1 1 2 0 770 -1.5]: 
[4 1e-1 1 2 1 0 0]: 
[4 1e-1 1 2 1 0 1.5]: 
[4 1e-1 1 2 1 0 -1.5]: 
[4 1e-1 1 2 1 2 0]: 
[4 1e-1 1 2 1 2 1.5]: 
[4 1e-1 1 2 1 2 -1.5]: 
[4 1e-1 1 2 1 258 0]: 
[4 1e-1 1 2 1 258 1.5]: 
[4 1e-1 1 2 1 258 -1.5]: 
[4 1e-1 1 2 1 514 0]: 
[4 1e-1 1 2 1 514 1.5]: 
[4 1e-1 1 2 1 514 -1.5]: 
[4 1e-1 1 2 1 770 0]: 
[4 1e-1 1 2 1 770 1.5]: 
[4 1e-1 1 2 1 770 -1.5]: 
[4 1e-1 1 2 65 0 0]: 
[4 1e-1 1 2 65 0 1.5]: 
[4 1e-1 1 2 65 0 -1.5]: 
[4 1e-1 1 2 65 2 0]: 
[4 1e-1 1 2 65 2 1.5]: 
[4 1e-1 1 2 65 2 -1.5]: 
[4 1e-1 1 2 65 258 0]: 
[4 1e-1 1 2 65 258 1.5]: 
[4 1e-1 1 2 65 258 -1.5]: 
[4 1e-1 1 2 65 514 0]: 
[4 1e-1 1 2 65 514 1.5]: 
[4 1e-1 1 2 65 514 -1.5]: 
[4 1e-1 1 2 65 770 0]: 
[4 1e-1 1 2 65 770 1.5]: 
[4 1e-1 1 2 65 770 -1.5]: 
[4 1e-1 1 2 129 0 0]: 
[4 1e-1 1 2 129 0 1.5]: 
[4 1e-1 1 2 129 0 -1.5]: 
[4 1e-1 1 2 129 2 0]: 
[4 1e-1 1 2 129 2 1.5]: 
[4 1e-1 1 2 129 2 -1.5]: 
[4 1e-1 1 2 129 258 0]: 
[4 1e-1 1 2 129 258 1.5]: 
[4 1e-1 1 2 129 258 -1.5]: 
[4 1e-1 1 2 129 514 0]: 
[4 1e-1 1 2 129 514 1.5]: 
[4 1e-1 1 2 129 514 -1.5]: 
[4 1e-1 1 2 129 770 0]: 
[4 1e-1 1 2 129 770 1.5]: 
[4 1e-1 1 2 129 770 -1.5]: 
[4 1e-1 1 2 193 0 0]: 
[4 1e-1 1 2 193 0 1.5]: 
[4 1e-1 1 2 193 0 -1.5]: 
[4 1e-1 1 2 193 2 0]: 
[4 1e-1 1 2 193 2 1.5]: 
[4 1e-1 1 2 193 2 -1.5]: 
[4 1e-1 1 2 193 258 0]: 
[4 1e-1 1 2 193 258 1.5]: 
[4 1e-1 1 2 193 258 -1.5]: 
[4 1e-1 1 2 193 514 0]: 
[4 1e-1 1 2 193 514 1.5]: 
[4 1e-1 1 2 193 514 -1.5]: 
[4 1e-1 1 2 193 770 0]: 
[4 1e-1 1 2 193 770 1.5]: 
[4 1e-1 1 2 193 770 -1.5]: 
[4 1e-0 0 1 0 0 0]: 
[4 1e-0 0 1 0 2 0]: 
[4 1e-0 0 1 0 2 1.5]: 
[4 1e-0 0 1 0 2 -1.5]: 
[4 1e-0 0 1 0 258 0]: 
[4 1e-0 0 1 0 258 1.5]: 
[4 1e-0 0 1 0 258 -1.5]: 
[4 1e-0 0 1 0 514 0]: 
[4 1e-0 0 1 0 514 1.5]: 
[4 1e-0 0 1 0 514 -1.5]: 
[4 1e-0 0 1 0 770 0]: 
[4 1e-0 0 1 0 770 1.5]: 
[4 1e-0 0 1 0 770 -1.5]: 
[4 1e-0 0 1 1 0 0]: 
[4 1e-0 0 1 1 0 1.5]: 
[4 1e-0 0 1 1 0 -1.5]: 
[4 1e-0 0 1 1 2 0]: 
[4 1e-0 0 1 1 2 1.5]: 
[4 1e-0 0 1 1 2 -1.5]: 
[4 1e-0 0 1 1 258 0]: 
[4 1e-0 0 1 1 258 1.5]: 
[4 1e-0 0 1 1 258 -1.5]: 
[4 1e-0 0 1 1 514 0]: 
[4 1e-0 0 1 1 514 1.5]: 
[4 1e-0 0 1 1 514 -1.5]: 
[4 1e-0 0 1 1 770 0]: 
[4 1e-0 0 1 1 770 1.5]: 
[4 1e-0 0 1 1 770 -1.5]: 
[4 1e-0 0 1 65 0 0]: 
[4 1e-0 0 1 65 0 1.5]: 
[4 1e-0 0 1 65 0 -1.5]: 
[4 1e-0 0 1 65 2 0]: 
[4 1e-0 0 1 65 2 1.5]: 
[4 1e-0 0 1 65 2 -1.5]: 
[4 1e-0 0 1 65 258 0]: 
[4 1e-0 0 1 65 258 1.5]: 
[4 1e-0 0 1 65 258 -1.5]: 
[4 1e-0 0 1 65 514 0]: 
[4 1e-0 0 1 65 514 1.5]: 
[4 1e-0 0 1 65 514 -1.5]: 
[4 1e-0 0 1 65 770 0]: 
[4 1e-0 0 1 65 770 1.5]: 
[4 1e-0 0 1 65 770 -1.5]: 
[4 1e-0 0 1 129 0 0]: 
[4 1e-0 0 1 129 0 1.5]: 
[4 1e-0 0 1 129 0 -1.5]: 
[4 1e-0 0 1 129 2 0]: 
[4 1e-0 0 1 129 2 1.5]: 
[4 1e-0 0 1 129 2 -1.5]: 
[4 1e-0 0 1 129 258 0]: 
[4 1e-0 0 1 129 258 1.5]: 
[4 1e-0 0 1 129 258 -1.5]: 
[4 1e-0 0 1 129 514 0]: 
[4 1e-0 0 1 129 514 1.5]: 
[4 1e-0 0 1 129 514 -1.5]: 
[4 1e-0 0 1 129 770 0]: 
[4 1e-0 0 1 129 770 1.5]: 
[4 1e-0 0 1 129 770 -1.5]: 
[4 1e-0 0 1 193 0 0]: 
[4 1e-0 0 1 193 0 1.5]: 
[4 1e-0 0 1 193 0 -1.5]: 
[4 1e-0 0 1 193 2 0]: 
[4 1e-0 0 1 193 2 1.5]: 
[4 1e-0 0 1 193 2 -1.5]: 
[4 1e-0 0 1 193 258 0]: 
[4 1e-0 0 1 193 258 1.5]: 
[4 1e-0 0 1 193 258 -1.5]: 
[4 1e-0 0 1 193 514 0]: 
[4 1e-0 0 1 193 514 1.5]: 
[4 1e-0 0 1 193 514 -1.5]: 
[4 1e-0 0 1 193 770 0]: 
[4 1e-0 0 1 193 770 1.5]: 
[4 1e-0 0 1 193 770 -1.5]: 
[4 1e-0 0 2 0 0 0]: 
[4 1e-0 0 2 0 2 0]: 
[4 1e-0 0 2 0 2 1.5]: 
[4 1e-0 0 2 0 2 -1.5]: 
[4 1e-0 0 2 0 258 0]: 
[4 1e-0 0 2 0 258 1.5]: 
[4 1e-0 0 2 0 258 -1.5]: 
[4 1e-0 0 2 0 514 0]: 
[4 1e-0 0 2 0 514 1.5]: 
[4 1e-0 0 2 0 514 -1.5]: 
[4 1e-0 0 2 0 770 0]: 
[4 1e-0 0 2 0 770 1.5]: 
[4 1e-0 0 2 0 770 -1.5]: 
[4 1e-0 0 2 1 0 0]: 
[4 1e-0 0 2 1 0 1.5]: 
[4 1e-0 0 2 1 0 -1.5]: 
[4 1e-0 0 2 1 2 0]: 
[4 1e-0 0 2 1 2 1.5]: 
[4 1e-0 0 2 1 2 -1.5]: 
[4 1e-0 0 2 1 258 0]: 
[4 1e-0 0 2 1 258 1.5]: 
[4 1e-0 0 2 1 258 -1.5]: 
[4 1e-0 0 2 1 514 0]: 
[4 1e-0 0 2 1 514 1.5]: 
[4 1e-0 0 2 1 514 -1.5]: 
[4 1e-0 0 2 1 770 0]: 
[4 1e-0 0 2 1 770 1.5]: 
[4 1e-0 0 2 1 770 -1.5]: 
[4 1e-0 0 2 65 0 0]: 
[4 1e-0 0 2 65 0 1.5]: 
[4 1e-0 0 2 65 0 -1.5]: 
[4 1e-0 0 2 65 2 0]: 
[4 1e-0 0 2 65 2 1.5]: 
[4 1e-0 0 2 65 2 -1.5]: 
[4 1e-0 0 2 65 258 0]: 
[4 1e-0 0 2 65 258 1.5]: 
[4 1e-0 0 2 65 258 -1.5]: 
[4 1e-0 0 2 65 514 0]: 
[4 1e-0 0 2 65 514 1.5]: 
[4 1e-0 0 2 65 514 -1.5]: 
[4 1e-0 0 2 65 770 0]: 
[4 1e-0 0 2 65 770 1.5]: 
[4 1e-0 0 2 65 770 -1.5]: 
[4 1e-0 0 2 129 0 0]: 
[4 1e-0 0 2 129 0 1.5]: 
[4 1e-0 0 2 129 0 -1.5]: 
[4 1e-0 0 2 129 2 0]: 
[4 1e-0 0 2 129 2 1.5]: 
[4 1e-0 0 2 129 2 -1.5]: 
[4 1e-0 0 2 129 258 0]: 
[4 1e-0 0 2 129 258 1.5]: 
[4 1e-0 0 2 129 258 -1.5]: 
[4 1e-0 0 2 129 514 0]: 
[4 1e-0 0 2 129 514 1.5]: 
[4 1e-0 0 2 129 514 -1.5]: 
[4 1e-0 0 2 129 770 0]: 
[4 1e-0 0 2 129 770 1.5]: 
[4 1e-0 0 2 129 770 -1.5]: 
[4 1e-0 0 2 193 0 0]: 
[4 1e-0 0 2 193 0 1.5]: 
[4 1e-0 0 2 193 0 -1.5]: 
[4 1e-0 0 2 193 2 0]: 
[4 1e-0 0 2 193 2 1.5]: 
[4 1e-0 0 2 193 2 -1.5]: 
[4 1e-0 0 2 193 258 0]: 
[4 1e-0 0 2 193 258 1.5]: 
[4 1e-0 0 2 193 258 -1.5]: 
[4 1e-0 0 2 193 514 0]: 
[4 1e-0 0 2 193 514 1.5]: 
[4 1e-0 0 2 193 514 -1.5]: 
[4 1e-0 0 2 193 770 0]: 
[4 1e-0 0 2 193 770 1.5]: 
[4 1e-0 0 2 193 770 -1.5]: 
[4 1e-0 1 1 0 0 0]: 
[4 1e-0 1 1 0 2 0]: 
[4 1e-0 1 1 0 2 1.5]: 
[4 1e-0 1 1 0 2 -1.5]: 
[4 1e-0 1 1 0 258 0]: 
[4 1e-0 1 1 0 258 1.5]: 
[4 1e-0 1 1 0 258 -1.5]: 
[4 1e-0 1 1 0 514 0]: 
[4 1e-0 1 1 0 514 1.5]: 
[4 1e-0 1 1 0 514 -1.5]: 
[4 1e-0 1 1 0 770 0]: 
[4 1e-0 1 1 0 770 1.5]: 
[4 1e-0 1 1 0 770 -1.5]: 
[4 1e-0 1 1 1 0 0]: 
[4 1e-0 1 1 1 0 1.5]: 
[4 1e-0 1 1 1 0 -1.5]: 
[4 1e-0 1 1 1 2 0]: 
[4 1e-0 1 1 1 2 1.5]: 
[4 1e-0 1 1 1 2 -1.5]: 
[4 1e-0 1 1 1 258 0]: 
[4 1e-0 1 1 1 258 1.5]: 
[4 1e-0 1 1 1 258 -1.5]: 
[4 1e-0 1 1 1 514 0]: 
[4 1e-0 1 1 1 514 1.5]: 
[4 1e-0 1 1 1 514 -1.5]: 
[4 1e-0 1 1 1 770 0]: 
[4 1e-0 1 1 1 770 1.5]: 
[4 1e-0 1 1 1 770 -1.5]: 
[4 1e-0 1 1 65 0 0]: 
[4 1e-0 1 1 65 0 1.5]: 
[4 1e-0 1 1 65 0 -1.5]: 
[4 1e-0 1 1 65 2 0]: 
[4 1e-0 1 1 65 2 1.5]: 
[4 1e-0 1 1 65 2 -1.5]: 
[4 1e-0 1 1 65 258 0]: 
[4 1e-0 1 1 65 258 1.5]: 
[4 1e-0 1 1 65 258 -1.5]: 
[4 1e-0 1 1 65 514 0]: 
[4 1e-0 1 1 65 514 1.5]: 
[4 1e-0 1 1 65 514 -1.5]: 
[4 1e-0 1 1 65 770 0]: 
[4 1e-0 1 1 65 770 1.5]: 
[4 1e-0 1 1 65 770 -1.5]: 
[4 1e-0 1 1 129 0 0]: 
[4 1e-0 1 1 129 0 1.5]: 
[4 1e-0 1 1 129 0 -1.5]: 
[4 1e-0 1 1 129 2 0]: 
[4 1e-0 1 1 129 2 1.5]: 
[4 1e-0 1 1 129 2 -1.5]: 
[4 1e-0 1 1 129 258 0]: 
[4 1e-0 1 1 129 258 1.5]: 
[4 1e-0 1 1 129 258 -1.5]: 
[4 1e-0 1 1 129 514 0]: 
[4 1e-0 1 1 129 514 1.5]: 
[4 1e-0 1 1 129 514 -1.5]: 
[4 1e-0 1 1 129 770 0]: 
[4 1e-0 1 1 129 770 1.5]: 
[4 1e-0 1 1 129 770 -1.5]: 
[4 1e-0 1 1 193 0 0]: 
[4 1e-0 1 1 193 0 1.5]: 
[4 1e-0 1 1 193 0 -1.5]: 
[4 1e-0 1 1 193 2 0]: 
[4 1e-0 1 1 193 2 1.5]: 
[4 1e-0 1 1 193 2 -1.5]: 
[4 1e-0 1 1 193 258 0]: 
[4 1e-0 1 1 193 258 1.5]: 
[4 1e-0 1 1 193 258 -1.5]: 
[4 1e-0 1 1 193 514 0]: 
[4 1e-0 1 1 193 514 1.5]: 
[4 1e-0 1 1 193 514 -1.5]: 
[4 1e-0 1 1 193 770 0]: 
[4 1e-0 1 1 193 770 1.5]: 
[4 1e-0 1 1 193 770 -1.5]: 
[4 1e-0 1 2 0 0 0]: 
[4 1e-0 1 2 0 2 0]: 
[4 1e-0 1 2 0 2 1.5]: 
[4 1e-0 1 2 0 2 -1.5]: 
[4 1e-0 1 2 0 258 0]: 
[4 1e-0 1 2 0 258 1.5]: 
[4 1e-0 1 2 0 258 -1.5]: 
[4 1e-0 1 2 0 514 0]: 
[4 1e-0 1 2 0 514 1.5]: 
[4 1e-0 1 2 0 514 -1.5]: 
[4 1e-0 1 2 0 770 0]: 
[4 1e-0 1 2 0 770 1.5]: 
[4 1e-0 1 2 0 770 -1.5]: 
[4 1e-0 1 2 1 0 0]: 
[4 1e-0 1 2 1 0 1.5]: 
[4 1e-0 1 2 1 0 -1.5]: 
[4 1e-0 1 2 1 2 0]: 
[4 1e-0 1 2 1 2 1.5]: 
[4 1e-0 1 2 1 2 -1.5]: 
[4 1e-0 1 2 1 258 0]: 
[4 1e-0 1 2 1 258 1.5]: 
[4 1e-0 1 2 1 258 -1.5]: 
[4 1e-0 1 2 1 514 0]: 
[4 1e-0 1 2 1 514 1.5]: 
[4 1e-0 1 2 1 514 -1.5]: 
[4 1e-0 1 2 1 770 0]: 
[4 1e-0 1 2 1 770 1.5]: 
[4 1e-0 1 2 1 770 -1.5]: 
[4 1e-0 1 2 65 0 0]: 
[4 1e-0 1 2 65 0 1.5]: 
[4 1e-0 1 2 65 0 -1.5]: 
[4 1e-0 1 2 65 2 0]: 
[4 1e-0 1 2 65 2 1.5]: 
[4 1e-0 1 2 65 2 -1.5]: 
[4 1e-0 1 2 65 258 0]: 
[4 1e-0 1 2 65 258 1.5]: 
[4 1e-0 1 2 65 258 -1.5]: 
[4 1e-0 1 2 65 514 0]: 
[4 1e-0 1 2 65 514 1.5]: 
[4 1e-0 1 2 65 514 -1.5]: 
[4 1e-0 1 2 65 770 0]: 
[4 1e-0 1 2 65 770 1.5]: 
[4 1e-0 1 2 65 770 -1.5]: 
[4 1e-0 1 2 129 0 0]: 
[4 1e-0 1 2 129 0 1.5]: 
[4 1e-0 1 2 129 0 -1.5]: 
[4 1e-0 1 2 129 2 0]: 
[4 1e-0 1 2 129 2 1.5]: 
[4 1e-0 1 2 129 2 -1.5]: 
[4 1e-0 1 2 129 258 0]: 
[4 1e-0 1 2 129 258 1.5]: 
[4 1e-0 1 2 129 258 -1.5]: 
[4 1e-0 1 2 129 514 0]: 
[4 1e-0 1 2 129 514 1.5]: 
[4 1e-0 1 2 129 514 -1.5]: 
[4 1e-0 1 2 129 770 0]: 
[4 1e-0 1 2 129 770 1.5]: 
[4 1e-0 1 2 129 770 -1.5]: 
[4 1e-0 1 2 193 0 0]: 
[4 1e-0 1 2 193 0 1.5]: 
[4 1e-0 1 2 193 0 -1.5]: 
[4 1e-0 1 2 193 2 0]: 
[4 1e-0 1 2 193 2 1.5]: 
[4 1e-0 1 2 193 2 -1.5]: 
[4 1e-0 1 2 193 258 0]: 
[4 1e-0 1 2 193 258 1.5]: 
[4 1e-0 1 2 193 258 -1.5]: 
[4 1e-0 1 2 193 514 0]: 
[4 1e-0 1 2 193 514 1.5]: 
[4 1e-0 1 2 193 514 -1.5]: 
[4 1e-0 1 2 193 770 0]: 
[4 1e-0 1 2 193 770 1.5]: 
[4 1e-0 1 2 193 770 -1.5]: 
[4 1e+1 0 1 0 0 0]: 
[4 1e+1 0 1 0 2 0]: 
[4 1e+1 0 1 0 2 1.5]: 
[4 1e+1 0 1 0 2 -1.5]: 
[4 1e+1 0 1 0 258 0]: 
[4 1e+1 0 1 0 258 1.5]: 
[4 1e+1 0 1 0 258 -1.5]: 
[4 1e+1 0 1 0 514 0]: 
[4 1e+1 0 1 0 514 1.5]: 
[4 1e+1 0 1 0 514 -1.5]: 
[4 1e+1 0 1 0 770 0]: 
[4 1e+1 0 1 0 770 1.5]: 
[4 1e+1 0 1 0 770 -1.5]: 
[4 1e+1 0 1 1 0 0]: 
[4 1e+1 0 1 1 0 1.5]: 
[4 1e+1 0 1 1 0 -1.5]: 
[4 1e+1 0 1 1 2 0]: 
[4 1e+1 0 1 1 2 1.5]: 
[4 1e+1 0 1 1 2 -1.5]: 
[4 1e+1 0 1 1 258 0]: 
[4 1e+1 0 1 1 258 1.5]: 
[4 1e+1 0 1 1 258 -1.5]: 
[4 1e+1 0 1 1 514 0]: 
[4 1e+1 0 1 1 514 1.5]: 
[4 1e+1 0 1 1 514 -1.5]: 
[4 1e+1 0 1 1 770 0]: 
[4 1e+1 0 1 1 770 1.5]: 
[4 1e+1 0 1 1 770 -1.5]: 
[4 1e+1 0 1 65 0 0]: 
[4 1e+1 0 1 65 0 1.5]: 
[4 1e+1 0 1 65 0 -1.5]: 
[4 1e+1 0 1 65 2 0]: 
[4 1e+1 0 1 65 2 1.5]: 
[4 1e+1 0 1 65 2 -1.5]: 
[4 1e+1 0 1 65 258 0]: 
[4 1e+1 0 1 65 258 1.5]: 
[4 1e+1 0 1 65 258 -1.5]: 
[4 1e+1 0 1 65 514 0]: 
[4 1e+1 0 1 65 514 1.5]: 
[4 1e+1 0 1 65 514 -1.5]: 
[4 1e+1 0 1 65 770 0]: 
[4 1e+1 0 1 65 770 1.5]: 
[4 1e+1 0 1 65 770 -1.5]: 
[4 1e+1 0 1 129 0 0]: 
[4 1e+1 0 1 129 0 1.5]: 
[4 1e+1 0 1 129 0 -1.5]: 
[4 1e+1 0 1 129 2 0]: 
[4 1e+1 0 1 129 2 1.5]: 
[4 1e+1 0 1 129 2 -1.5]: 
[4 1e+1 0 1 129 258 0]: 
[4 1e+1 0 1 129 258 1.5]: 
[4 1e+1 0 1 129 258 -1.5]: 
[4 1e+1 0 1 129 514 0]: 
[4 1e+1 0 1 129 514 1.5]: 
[4 1e+1 0 1 129 514 -1.5]: 
[4 1e+1 0 1 129 770 0]: 
[4 1e+1 0 1 129 770 1.5]: 
[4 1e+1 0 1 129 770 -1.5]: 
[4 1e+1 0 1 193 0 0]: 
[4 1e+1 0 1 193 0 1.5]: 
[4 1e+1 0 1 193 0 -1.5]: 
[4 1e+1 0 1 193 2 0]: 
[4 1e+1 0 1 193 2 1.5]: 
[4 1e+1 0 1 193 2 -1.5]: 
[4 1e+1 0 1 193 258 0]: 
[4 1e+1 0 1 193 258 1.5]: 
[4 1e+1 0 1 193 258 -1.5]: 
[4 1e+1 0 1 193 514 0]: 
[4 1e+1 0 1 193 514 1.5]: 
[4 1e+1 0 1 193 514 -1.5]: 
[4 1e+1 0 1 193 770 0]: 
[4 1e+1 0 1 193 770 1.5]: 
[4 1e+1 0 1 193 770 -1.5]: 
[4 1e+1 0 2 0 0 0]: 
[4 1e+1 0 2 0 2 0]: 
[4 1e+1 0 2 0 2 1.5]: 
[4 1e+1 0 2 0 2 -1.5]: 
[4 1e+1 0 2 0 258 0]: 
[4 1e+1 0 2 0 258 1.5]: 
[4 1e+1 0 2 0 258 -1.5]: 
[4 1e+1 0 2 0 514 0]: 
[4 1e+1 0 2 0 514 1.5]: 
[4 1e+1 0 2 0 514 -1.5]: 
[4 1e+1 0 2 0 770 0]: 
[4 1e+1 0 2 0 770 1.5]: 
[4 1e+1 0 2 0 770 -1.5]: 
[4 1e+1 0 2 1 0 0]: 
[4 1e+1 0 2 1 0 1.5]: 
[4 1e+1 0 2 1 0 -1.5]: 
[4 1e+1 0 2 1 2 0]: 
[4 1e+1 0 2 1 2 1.5]: 
[4 1e+1 0 2 1 2 -1.5]: 
[4 1e+1 0 2 1 258 0]: 
[4 1e+1 0 2 1 258 1.5]: 
[4 1e+1 0 2 1 258 -1.5]: 
[4 1e+1 0 2 1 514 0]: 
[4 1e+1 0 2 1 514 1.5]: 
[4 1e+1 0 2 1 514 -1.5]: 
[4 1e+1 0 2 1 770 0]: 
[4 1e+1 0 2 1 770 1.5]: 
[4 1e+1 0 2 1 770 -1.5]: 
[4 1e+1 0 2 65 0 0]: 
[4 1e+1 0 2 65 0 1.5]: 
[4 1e+1 0 2 65 0 -1.5]: 
[4 1e+1 0 2 65 2 0]: 
[4 1e+1 0 2 65 2 1.5]: 
[4 1e+1 0 2 65 2 -1.5]: 
[4 1e+1 0 2 65 258 0]: 
[4 1e+1 0 2 65 258 1.5]: 
[4 1e+1 0 2 65 258 -1.5]: 
[4 1e+1 0 2 65 514 0]: 
[4 1e+1 0 2 65 514 1.5]: 
[4 1e+1 0 2 65 514 -1.5]: 
[4 1e+1 0 2 65 770 0]: 
[4 1e+1 0 2 65 770 1.5]: 
[4 1e+1 0 2 65 770 -1.5]: 
[4 1e+1 0 2 129 0 0]: 
[4 1e+1 0 2 129 0 1.5]: 
[4 1e+1 0 2 129 0 -1.5]: 
[4 1e+1 0 2 129 2 0]: 
[4 1e+1 0 2 129 2 1.5]: 
[4 1e+1 0 2 129 2 -1.5]: 
[4 1e+1 0 2 129 258 0]: 
[4 1e+1 0 2 129 258 1.5]: 
[4 1e+1 0 2 129 258 -1.5]: 
[4 1e+1 0 2 129 514 0]: 
[4 1e+1 0 2 129 514 1.5]: 
[4 1e+1 0 2 129 514 -1.5]: 
[4 1e+1 0 2 129 770 0]: 
[4 1e+1 0 2 129 770 1.5]: 
[4 1e+1 0 2 129 770 -1.5]: 
[4 1e+1 0 2 193 0 0]: 
[4 1e+1 0 2 193 0 1.5]: 
[4 1e+1 0 2 193 0 -1.5]: 
[4 1e+1 0 2 193 2 0]: 
[4 1e+1 0 2 193 2 1.5]: 
[4 1e+1 0 2 193 2 -1.5]: 
[4 1e+1 0 2 193 258 0]: 
[4 1e+1 0 2 193 258 1.5]: 
[4 1e+1 0 2 193 258 -1.5]: 
[4 1e+1 0 2 193 514 0]: 
[4 1e+1 0 2 193 514 1.5]: 
[4 1e+1 0 2 193 514 -1.5]: 
[4 1e+1 0 2 193 770 0]: 
[4 1e+1 0 2 193 770 1.5]: 
[4 1e+1 0 2 193 770 -1.5]: 
[4 1e+1 1 1 0 0 0]: 
[4 1e+1 1 1 0 2 0]: 
[4 1e+1 1 1 0 2 1.5]: 
[4 1e+1 1 1 0 2 -1.5]: 
[4 1e+1 1 1 0 258 0]: 
[4 1e+1 1 1 0 258 1.5]: 
[4 1e+1 1 1 0 258 -1.5]: 
[4 1e+1 1 1 0 514 0]: 
[4 1e+1 1 1 0 514 1.5]: 
[4 1e+1 1 1 0 514 -1.5]: 
[4 1e+1 1 1 0 770 0]: 
[4 1e+1 1 1 0 770 1.5]: 
[4 1e+1 1 1 0 770 -1.5]: 
[4 1e+1 1 1 1 0 0]: 
[4 1e+1 1 1 1 0 1.5]: 
[4 1e+1 1 1 1 0 -1.5]: 
[4 1e+1 1 1 1 2 0]: 
[4 1e+1 1 1 1 2 1.5]: 
[4 1e+1 1 1 1 2 -1.5]: 
[4 1e+1 1 1 1 258 0]: 
[4 1e+1 1 1 1 258 1.5]: 
[4 1e+1 1 1 1 258 -1.5]: 
[4 1e+1 1 1 1 514 0]: 
[4 1e+1 1 1 1 514 1.5]: 
[4 1e+1 1 1 1 514 -1.5]: 
[4 1e+1 1 1 1 770 0]: 
[4 1e+1 1 1 1 770 1.5]: 
[4 1e+1 1 1 1 770 -1.5]: 
[4 1e+1 1 1 65 0 0]: 
[4 1e+1 1 1 65 0 1.5]: 
[4 1e+1 1 1 65 0 -1.5]: 
[4 1e+1 1 1 65 2 0]: 
[4 1e+1 1 1 65 2 1.5]: 
[4 1e+1 1 1 65 2 -1.5]: 
[4 1e+1 1 1 65 258 0]: 
[4 1e+1 1 1 65 258 1.5]: 
[4 1e+1 1 1 65 258 -1.5]: 
[4 1e+1 1 1 65 514 0]: 
[4 1e+1 1 1 65 514 1.5]: 
[4 1e+1 1 1 65 514 -1.5]: 
[4 1e+1 1 1 65 770 0]: 
[4 1e+1 1 1 65 770 1.5]: 
[4 1e+1 1 1 65 770 -1.5]: 
[4 1e+1 1 1 129 0 0]: 
[4 1e+1 1 1 129 0 1.5]: 
[4 1e+1 1 1 129 0 -1.5]: 
[4 1e+1 1 1 129 2 0]: 
[4 1e+1 1 1 129 2 1.5]: 
[4 1e+1 1 1 129 2 -1.5]: 
[4 1e+1 1 1 129 258 0]: 
[4 1e+1 1 1 129 258 1.5]: 
[4 1e+1 1 1 129 258 -1.5]: 
[4 1e+1 1 1 129 514 0]: 
[4 1e+1 1 1 129 514 1.5]: 
[4 1e+1 1 1 129 514 -1.5]: 
[4 1e+1 1 1 129 770 0]: 
[4 1e+1 1 1 129 770 1.5]: 
[4 1e+1 1 1 129 770 -1.5]: 
[4 1e+1 1 1 193 0 0]: 
[4 1e+1 1 1 193 0 1.5]: 
[4 1e+1 1 1 193 0 -1.5]: 
[4 1e+1 1 1 193 2 0]: 
[4 1e+1 1 1 193 2 1.5]: 
[4 1e+1 1 1 193 2 -1.5]: 
[4 1e+1 1 1 193 258 0]: 
[4 1e+1 1 1 193 258 1.5]: 
[4 1e+1 1 1 193 258 -1.5]: 
[4 1e+1 1 1 193 514 0]: 
[4 1e+1 1 1 193 514 1.5]: 
[4 1e+1 1 1 193 514 -1.5]: 
[4 1e+1 1 1 193 770 0]: 
[4 1e+1 1 1 193 770 1.5]: 
[4 1e+1 1 1 193 770 -1.5]: 
[4 1e+1 1 2 0 0 0]: 
[4 1e+1 1 2 0 2 0]: 
[4 1e+1 1 2 0 2 1.5]: 
[4 1e+1 1 2 0 2 -1.5]: 
[4 1e+1 1 2 0 258 0]: 
[4 1e+1 1 2 0 258 1.5]: 
[4 1e+1 1 2 0 258 -1.5]: 
[4 1e+1 1 2 0 514 0]: 
[4 1e+1 1 2 0 514 1.5]: 
[4 1e+1 1 2 0 514 -1.5]: 
[4 1e+1 1 2 0 770 0]: 
[4 1e+1 1 2 0 770 1.5]: 
[4 1e+1 1 2 0 770 -1.5]: 
[4 1e+1 1 2 1 0 0]: 
[4 1e+1 1 2 1 0 1.5]: 
[4 1e+1 1 2 1 0 -1.5]: 
[4 1e+1 1 2 1 2 0]: 
[4 1e+1 1 2 1 2 1.5]: 
[4 1e+1 1 2 1 2 -1.5]: 
[4 1e+1 1 2 1 258 0]: 
[4 1e+1 1 2 1 258 1.5]: 
[4 1e+1 1 2 1 258 -1.5]: 
[4 1e+1 1 2 1 514 0]: 
[4 1e+1 1 2 1 514 1.5]: 
[4 1e+1 1 2 1 514 -1.5]: 
[4 1e+1 1 2 1 770 0]: 
[4 1e+1 1 2 1 770 1.5]: 
[4 1e+1 1 2 1 770 -1.5]: 
[4 1e+1 1 2 65 0 0]: 
[4 1e+1 1 2 65 0 1.5]: 
[4 1e+1 1 2 65 0 -1.5]: 
[4 1e+1 1 2 65 2 0]: 
[4 1e+1 1 2 65 2 1.5]: 
[4 1e+1 1 2 65 2 -1.5]: 
[4 1e+1 1 2 65 258 0]: 
[4 1e+1 1 2 65 258 1.5]: 
[4 1e+1 1 2 65 258 -1.5]: 
[4 1e+1 1 2 65 514 0]: 
[4 1e+1 1 2 65 514 1.5]: 
[4 1e+1 1 2 65 514 -1.5]: 
[4 1e+1 1 2 65 770 0]: 
[4 1e+1 1 2 65 770 1.5]: 
[4 1e+1 1 2 65 770 -1.5]: 
[4 1e+1 1 2 129 0 0]: 
[4 1e+1 1 2 129 0 1.5]: 
[4 1e+1 1 2 129 0 -1.5]: 
[4 1e+1 1 2 129 2 0]: 
[4 1e+1 1 2 129 2 1.5]: 
[4 1e+1 1 2 129 2 -1.5]: 
[4 1e+1 1 2 129 258 0]: 
[4 1e+1 1 2 129 258 1.5]: 
[4 1e+1 1 2 129 258 -1.5]: 
[4 1e+1 1 2 129 514 0]: 
[4 1e+1 1 2 129 514 1.5]: 
[4 1e+1 1 2 129 514 -1.5]: 
[4 1e+1 1 2 129 770 0]: 
[4 1e+1 1 2 129 770 1.5]: 
[4 1e+1 1 2 129 770 -1.5]: 
[4 1e+1 1 2 193 0 0]: 
[4 1e+1 1 2 193 0 1.5]: 
[4 1e+1 1 2 193 0 -1.5]: 
[4 1e+1 1 2 193 2 0]: 
[4 1e+1 1 2 193 2 1.5]: 
[4 1e+1 1 2 193 2 -1.5]: 
[4 1e+1 1 2 193 258 0]: 
[4 1e+1 1 2 193 258 1.5]: 
[4 1e+1 1 2 193 258 -1.5]: 
[4 1e+1 1 2 193 514 0]: 
[4 1e+1 1 2 193 514 1.5]: 
[4 1e+1 1 2 193 514 -1.5]: 
[4 1e+1 1 2 193 770 0]: 
[4 1e+1 1 2 193 770 1.5]: 
[4 1e+1 1 2 193 770 -1.5]: 
[8 1e-1 0 1 0 0 0]: 
[8 1e-1 0 1 0 2 0]: 
[8 1e-1 0 1 0 2 1.5]: 
[8 1e-1 0 1 0 2 -1.5]: 
[8 1e-1 0 1 0 258 0]: 
[8 1e-1 0 1 0 258 1.5]: 
[8 1e-1 0 1 0 258 -1.5]: 
[8 1e-1 0 1 0 514 0]: 
[8 1e-1 0 1 0 514 1.5]: 
[8 1e-1 0 1 0 514 -1.5]: 
[8 1e-1 0 1 0 770 0]: 
[8 1e-1 0 1 0 770 1.5]: 
[8 1e-1 0 1 0 770 -1.5]: 
[8 1e-1 0 1 1 0 0]: 
[8 1e-1 0 1 1 0 1.5]: 
[8 1e-1 0 1 1 0 -1.5]: 
[8 1e-1 0 1 1 2 0]: 
[8 1e-1 0 1 1 2 1.5]: 
[8 1e-1 0 1 1 2 -1.5]: 
[8 1e-1 0 1 1 258 0]: 
[8 1e-1 0 1 1 258 1.5]: 
[8 1e-1 0 1 1 258 -1.5]: 
[8 1e-1 0 1 1 514 0]: 
[8 1e-1 0 1 1 514 1.5]: 
[8 1e-1 0 1 1 514 -1.5]: 
[8 1e-1 0 1 1 770 0]: 
[8 1e-1 0 1 1 770 1.5]: 
[8 1e-1 0 1 1 770 -1.5]: 
[8 1e-1 0 1 65 0 0]: 
[8 1e-1 0 1 65 0 1.5]: 
[8 1e-1 0 1 65 0 -1.5]: 
[8 1e-1 0 1 65 2 0]: 
[8 1e-1 0 1 65 2 1.5]: 
[8 1e-1 0 1 65 2 -1.5]: 
[8 1e-1 0 1 65 258 0]: 
[8 1e-1 0 1 65 258 1.5]: 
[8 1e-1 0 1 65 258 -1.5]: 
[8 1e-1 0 1 65 514 0]: 
[8 1e-1 0 1 65 514 1.5]: 
[8 1e-1 0 1 65 514 -1.5]: 
[8 1e-1 0 1 65 770 0]: 
[8 1e-1 0 1 65 770 1.5]: 
[8 1e-1 0 1 65 770 -1.5]: 
[8 1e-1 0 1 129 0 0]: 
[8 1e-1 0 1 129 0 1.5]: 
[8 1e-1 0 1 129 0 -1.5]: 
[8 1e-1 0 1 129 2 0]: 
[8 1e-1 0 1 129 2 1.5]: 
[8 1e-1 0 1 129 2 -1.5]: 
[8 1e-1 0 1 129 258 0]: 
[8 1e-1 0 1 129 258 1.5]: 
[8 1e-1 0 1 129 258 -1.5]: 
[8 1e-1 0 1 129 514 0]: 
[8 1e-1 0 1 129 514 1.5]: 
[8 1e-1 0 1 129 514 -1.5]: 
[8 1e-1 0 1 129 770 0]: 
[8 1e-1 0 1 129 770 1.5]: 
[8 1e-1 0 1 129 770 -1.5]: 
[8 1e-1 0 1 193 0 0]: 
[8 1e-1 0 1 193 0 1.5]: 
[8 1e-1 0 1 193 0 -1.5]: 
[8 1e-1 0 1 193 2 0]: 
[8 1e-1 0 1 193 2 1.5]: 
[8 1e-1 0 1 193 2 -1.5]: 
[8 1e-1 0 1 193 258 0]: 
[8 1e-1 0 1 193 258 1.5]: 
[8 1e-1 0 1 193 258 -1.5]: 
[8 1e-1 0 1 193 514 0]: 
[8 1e-1 0 1 193 514 1.5]: 
[8 1e-1 0 1 193 514 -1.5]: 
[8 1e-1 0 1 193 770 0]: 
[8 1e-1 0 1 193 770 1.5]: 
[8 1e-1 0 1 193 770 -1.5]: 
[8 1e-1 0 2 0 0 0]: 
[8 1e-1 0 2 0 2 0]: 
[8 1e-1 0 2 0 2 1.5]: 
[8 1e-1 0 2 0 2 -1.5]: 
[8 1e-1 0 2 0 258 0]: 
[8 1e-1 0 2 0 258 1.5]: 
[8 1e-1 0 2 0 258 -1.5]: 
[8 1e-1 0 2 0 514 0]: 
[8 1e-1 0 2 0 514 1.5]: 
[8 1e-1 0 2 0 514 -1.5]: 
[8 1e-1 0 2 0 770 0]: 
[8 1e-1 0 2 0 770 1.5]: 
[8 1e-1 0 2 0 770 -1.5]: 
[8 1e-1 0 2 1 0 0]: 
[8 1e-1 0 2 1 0 1.5]: 
[8 1e-1 0 2 1 0 -1.5]: 
[8 1e-1 0 2 1 2 0]: 
[8 1e-1 0 2 1 2 1.5]: 
[8 1e-1 0 2 1 2 -1.5]: 
[8 1e-1 0 2 1 258 0]: 
[8 1e-1 0 2 1 258 1.5]: 
[8 1e-1 0 2 1 258 -1.5]: 
[8 1e-1 0 2 1 514 0]: 
[8 1e-1 0 2 1 514 1.5]: 
[8 1e-1 0 2 1 514 -1.5]: 
[8 1e-1 0 2 1 770 0]: 
[8 1e-1 0 2 1 770 1.5]: 
[8 1e-1 0 2 1 770 -1.5]: 
[8 1e-1 0 2 65 0 0]: 
[8 1e-1 0 2 65 0 1.5]: 
[8 1e-1 0 2 65 0 -1.5]: 
[8 1e-1 0 2 65 2 0]: 
[8 1e-1 0 2 65 2 1.5]: 
[8 1e-1 0 2 65 2 -1.5]: 
[8 1e-1 0 2 65 258 0]: 
[8 1e-1 0 2 65 258 1.5]: 
[8 1e-1 0 2 65 258 -1.5]: 
[8 1e-1 0 2 65 514 0]: 
[8 1e-1 0 2 65 514 1.5]: 
[8 1e-1 0 2 65 514 -1.5]: 
[8 1e-1 0 2 65 770 0]: 
[8 1e-1 0 2 65 770 1.5]: 
[8 1e-1 0 2 65 770 -1.5]: 
[8 1e-1 0 2 129 0 0]: 
[8 1e-1 0 2 129 0 1.5]: 
[8 1e-1 0 2 129 0 -1.5]: 
[8 1e-1 0 2 129 2 0]: 
[8 1e-1 0 2 129 2 1.5]: 
[8 1e-1 0 2 129 2 -1.5]: 
[8 1e-1 0 2 129 258 0]: 
[8 1e-1 0 2 129 258 1.5]: 
[8 1e-1 0 2 129 258 -1.5]: 
[8 1e-1 0 2 129 514 0]: 
[8 1e-1 0 2 129 514 1.5]: 
[8 1e-1 0 2 129 514 -1.5]: 
[8 1e-1 0 2 129 770 0]: 
[8 1e-1 0 2 129 770 1.5]: 
[8 1e-1 0 2 129 770 -1.5]: 
[8 1e-1 0 2 193 0 0]: 
[8 1e-1 0 2 193 0 1.5]: 
[8 1e-1 0 2 193 0 -1.5]: 
[8 1e-1 0 2 193 2 0]: 
[8 1e-1 0 2 193 2 1.5]: 
[8 1e-1 0 2 193 2 -1.5]: 
[8 1e-1 0 2 193 258 0]: 
[8 1e-1 0 2 193 258 1.5]: 
[8 1e-1 0 2 193 258 -1.5]: 
[8 1e-1 0 2 193 514 0]: 
[8 1e-1 0 2 193 514 1.5]: 
[8 1e-1 0 2 193 514 -1.5]: 
[8 1e-1 0 2 193 770 0]: 
[8 1e-1 0 2 193 770 1.5]: 
[8 1e-1 0 2 193 770 -1.5]: 
[8 1e-1 1 1 0 0 0]: 
[8 1e-1 1 1 0 2 0]: 
[8 1e-1 1 1 0 2 1.5]: 
[8 1e-1 1 1 0 2 -1.5]: 
[8 1e-1 1 1 0 258 0]: 
[8 1e-1 1 1 0 258 1.5]: 
[8 1e-1 1 1 0 258 -1.5]: 
[8 1e-1 1 1 0 514 0]: 
[8 1e-1 1 1 0 514 1.5]: 
[8 1e-1 1 1 0 514 -1.5]: 
[8 1e-1 1 1 0 770 0]: 
[8 1e-1 1 1 0 770 1.5]: 
[8 1e-1 1 1 0 770 -1.5]: 
[8 1e-1 1 1 1 0 0]: 
[8 1e-1 1 1 1 0 1.5]: 
[8 1e-1 1 1 1 0 -1.5]: 
[8 1e-1 1 1 1 2 0]: 
[8 1e-1 1 1 1 2 1.5]: 
[8 1e-1 1 1 1 2 -1.5]: 
[8 1e-1 1 1 1 258 0]: 
[8 1e-1 1 1 1 258 1.5]: 
[8 1e-1 1 1 1 258 -1.5]: 
[8 1e-1 1 1 1 514 0]: 
[8 1e-1 1 1 1 514 1.5]: 
[8 1e-1 1 1 1 514 -1.5]: 
[8 1e-1 1 1 1 770 0]: 
[8 1e-1 1 1 1 770 1.5]: 
[8 1e-1 1 1 1 770 -1.5]: 
[8 1e-1 1 1 65 0 0]: 
[8 1e-1 1 1 65 0 1.5]: 
[8 1e-1 1 1 65 0 -1.5]: 
[8 1e-1 1 1 65 2 0]: 
[8 1e-1 1 1 65 2 1.5]: 
[8 1e-1 1 1 65 2 -1.5]: 
[8 1e-1 1 1 65 258 0]: 
[8 1e-1 1 1 65 258 1.5]: 
[8 1e-1 1 1 65 258 -1.5]: 
[8 1e-1 1 1 65 514 0]: 
[8 1e-1 1 1 65 514 1.5]: 
[8 1e-1 1 1 65 514 -1.5]: 
[8 1e-1 1 1 65 770 0]: 
[8 1e-1 1 1 65 770 1.5]: 
[8 1e-1 1 1 65 770 -1.5]: 
[8 1e-1 1 1 129 0 0]: 
[8 1e-1 1 1 129 0 1.5]: 
[8 1e-1 1 1 129 0 -1.5]: 
[8 1e-1 1 1 129 2 0]: 
[8 1e-1 1 1 129 2 1.5]: 
[8 1e-1 1 1 129 2 -1.5]: 
[8 1e-1 1 1 129 258 0]: 
[8 1e-1 1 1 129 258 1.5]: 
[8 1e-1 1 1 129 258 -1.5]: 
[8 1e-1 1 1 129 514 0]: 
[8 1e-1 1 1 129 514 1.5]: 
[8 1e-1 1 1 129 514 -1.5]: 
[8 1e-1 1 1 129 770 0]: 
[8 1e-1 1 1 129 770 1.5]: 
[8 1e-1 1 1 129 770 -1.5]: 
[8 1e-1 1 1 193 0 0]: 
[8 1e-1 1 1 193 0 1.5]: 
[8 1e-1 1 1 193 0 -1.5]: 
[8 1e-1 1 1 193 2 0]: 
[8 1e-1 1 1 193 2 1.5]: 
[8 1e-1 1 1 193 2 -1.5]: 
[8 1e-1 1 1 193 258 0]: 
[8 1e-1 1 1 193 258 1.5]: 
[8 1e-1 1 1 193 258 -1.5]: 
[8 1e-1 1 1 193 514 0]: 
[8 1e-1 1 1 193 514 1.5]: 
[8 1e-1 1 1 193 514 -1.5]: 
[8 1e-1 1 1 193 770 0]: 
[8 1e-1 1 1 193 770 1.5]: 
[8 1e-1 1 1 193 770 -1.5]: 
[8 1e-1 1 2 0 0 0]: 
[8 1e-1 1 2 0 2 0]: 
[8 1e-1 1 2 0 2 1.5]: 
[8 1e-1 1 2 0 2 -1.5]: 
[8 1e-1 1 2 0 258 0]: 
[8 1e-1 1 2 0 258 1.5]: 
[8 1e-1 1 2 0 258 -1.5]: 
[8 1e-1 1 2 0 514 0]: 
[8 1e-1 1 2 0 514 1.5]: 
[8 1e-1 1 2 0 514 -1.5]: 
[8 1e-1 1 2 0 770 0]: 
[8 1e-1 1 2 0 770 1.5]: 
[8 1e-1 1 2 0 770 -1.5]: 
[8 1e-1 1 2 1 0 0]: 
[8 1e-1 1 2 1 0 1.5]: 
[8 1e-1 1 2 1 0 -1.5]: 
[8 1e-1 1 2 1 2 0]: 
[8 1e-1 1 2 1 2 1.5]: 
[8 1e-1 1 2 1 2 -1.5]: 
[8 1e-1 1 2 1 258 0]: 
[8 1e-1 1 2 1 258 1.5]: 
[8 1e-1 1 2 1 258 -1.5]: 
[8 1e-1 1 2 1 514 0]: 
[8 1e-1 1 2 1 514 1.5]: 
[8 1e-1 1 2 1 514 -1.5]: 
[8 1e-1 1 2 1 770 0]: 
[8 1e-1 1 2 1 770 1.5]: 
[8 1e-1 1 2 1 770 -1.5]: 
[8 1e-1 1 2 65 0 0]: 
[8 1e-1 1 2 65 0 1.5]: 
[8 1e-1 1 2 65 0 -1.5]: 
[8 1e-1 1 2 65 2 0]: 
[8 1e-1 1 2 65 2 1.5]: 
[8 1e-1 1 2 65 2 -1.5]: 
[8 1e-1 1 2 65 258 0]: 
[8 1e-1 1 2 65 258 1.5]: 
[8 1e-1 1 2 65 258 -1.5]: 
[8 1e-1 1 2 65 514 0]: 
[8 1e-1 1 2 65 514 1.5]: 
[8 1e-1 1 2 65 514 -1.5]: 
[8 1e-1 1 2 65 770 0]: 
[8 1e-1 1 2 65 770 1.5]: 
[8 1e-1 1 2 65 770 -1.5]: 
[8 1e-1 1 2 129 0 0]: 
[8 1e-1 1 2 129 0 1.5]: 
[8 1e-1 1 2 129 0 -1.5]: 
[8 1e-1 1 2 129 2 0]: 
[8 1e-1 1 2 129 2 1.5]: 
[8 1e-1 1 2 129 2 -1.5]: 
[8 1e-1 1 2 129 258 0]: 
[8 1e-1 1 2 129 258 1.5]: 
[8 1e-1 1 2 129 258 -1.5]: 
[8 1e-1 1 2 129 514 0]: 
[8 1e-1 1 2 129 514 1.5]: 
[8 1e-1 1 2 129 514 -1.5]: 
[8 1e-1 1 2 129 770 0]: 
[8 1e-1 1 2 129 770 1.5]: 
[8 1e-1 1 2 129 770 -1.5]: 
[8 1e-1 1 2 193 0 0]: 
[8 1e-1 1 2 193 0 1.5]: 
[8 1e-1 1 2 193 0 -1.5]: 
[8 1e-1 1 2 193 2 0]: 
[8 1e-1 1 2 193 2 1.5]: 
[8 1e-1 1 2 193 2 -1.5]: 
[8 1e-1 1 2 193 258 0]: 
[8 1e-1 1 2 193 258 1.5]: 
[8 1e-1 1 2 193 258 -1.5]: 
[8 1e-1 1 2 193 514 0]: 
[8 1e-1 1 2 193 514 1.5]: 
[8 1e-1 1 2 193 514 -1.5]: 
[8 1e-1 1 2 193 770 0]: 
[8 1e-1 1 2 193 770 1.5]: 
[8 1e-1 1 2 193 770 -1.5]: 
[8 1e-0 0 1 0 0 0]: 
[8 1e-0 0 1 0 2 0]: 
[8 1e-0 0 1 0 2 1.5]: 
[8 1e-0 0 1 0 2 -1.5]: 
[8 1e-0 0 1 0 258 0]: 
[8 1e-0 0 1 0 258 1.5]: 
[8 1e-0 0 1 0 258 -1.5]: 
[8 1e-0 0 1 0 514 0]: 
[8 1e-0 0 1 0 514 1.5]: 
[8 1e-0 0 1 0 514 -1.5]: 
[8 1e-0 0 1 0 770 0]: 
[8 1e-0 0 1 0 770 1.5]: 
[8 1e-0 0 1 0 770 -1.5]: 
[8 1e-0 0 1 1 0 0]: 
[8 1e-0 0 1 1 0 1.5]: 
[8 1e-0 0 1 1 0 -1.5]: 
[8 1e-0 0 1 1 2 0]: 
[8 1e-0 0 1 1 2 1.5]: 
[8 1e-0 0 1 1 2 -1.5]: 
[8 1e-0 0 1 1 258 0]: 
[8 1e-0 0 1 1 258 1.5]: 
[8 1e-0 0 1 1 258 -1.5]: 
[8 1e-0 0 1 1 514 0]: 
[8 1e-0 0 1 1 514 1.5]: 
[8 1e-0 0 1 1 514 -1.5]: 
[8 1e-0 0 1 1 770 0]: 
[8 1e-0 0 1 1 770 1.5]: 
[8 1e-0 0 1 1 770 -1.5]: 
[8 1e-0 0 1 65 0 0]: 
[8 1e-0 0 1 65 0 1.5]: 
[8 1e-0 0 1 65 0 -1.5]: 
[8 1e-0 0 1 65 2 0]: 
[8 1e-0 0 1 65 2 1.5]: 
[8 1e-0 0 1 65 2 -1.5]: 
[8 1e-0 0 1 65 258 0]: 
[8 1e-0 0 1 65 258 1.5]: 
[8 1e-0 0 1 65 258 -1.5]: 
[8 1e-0 0 1 65 514 0]: 
[8 1e-0 0 1 65 514 1.5]: 
[8 1e-0 0 1 65 514 -1.5]: 
[8 1e-0 0 1 65 770 0]: 
[8 1e-0 0 1 65 770 1.5]: 
[8 1e-0 0 1 65 770 -1.5]: 
[8 1e-0 0 1 129 0 0]: 
[8 1e-0 0 1 129 0 1.5]: 
[8 1e-0 0 1 129 0 -1.5]: 
[8 1e-0 0 1 129 2 0]: 
[8 1e-0 0 1 129 2 1.5]: 
[8 1e-0 0 1 129 2 -1.5]: 
[8 1e-0 0 1 129 258 0]: 
[8 1e-0 0 1 129 258 1.5]: 
[8 1e-0 0 1 129 258 -1.5]: 
[8 1e-0 0 1 129 514 0]: 
[8 1e-0 0 1 129 514 1.5]: 
[8 1e-0 0 1 129 514 -1.5]: 
[8 1e-0 0 1 129 770 0]: 
[8 1e-0 0 1 129 770 1.5]: 
[8 1e-0 0 1 129 770 -1.5]: 
[8 1e-0 0 1 193 0 0]: 
[8 1e-0 0 1 193 0 1.5]: 
[8 1e-0 0 1 193 0 -1.5]: 
[8 1e-0 0 1 193 2 0]: 
[8 1e-0 0 1 193 2 1.5]: 
[8 1e-0 0 1 193 2 -1.5]: 
[8 1e-0 0 1 193 258 0]: 
[8 1e-0 0 1 193 258 1.5]: 
[8 1e-0 0 1 193 258 -1.5]: 
[8 1e-0 0 1 193 514 0]: 
[8 1e-0 0 1 193 514 1.5]: 
[8 1e-0 0 1 193 514 -1.5]: 
[8 1e-0 0 1 193 770 0]: 
[8 1e-0 0 1 193 770 1.5]: 
[8 1e-0 0 1 193 770 -1.5]: 
[8 1e-0 0 2 0 0 0]: 
[8 1e-0 0 2 0 2 0]: 
[8 1e-0 0 2 0 2 1.5]: 
[8 1e-0 0 2 0 2 -1.5]: 
[8 1e-0 0 2 0 258 0]: 
[8 1e-0 0 2 0 258 1.5]: 
[8 1e-0 0 2 0 258 -1.5]: 
[8 1e-0 0 2 0 514 0]: 
[8 1e-0 0 2 0 514 1.5]: 
[8 1e-0 0 2 0 514 -1.5]: 
[8 1e-0 0 2 0 770 0]: 
[8 1e-0 0 2 0 770 1.5]: 
[8 1e-0 0 2 0 770 -1.5]: 
[8 1e-0 0 2 1 0 0]: 
[8 1e-0 0 2 1 0 1.5]: 
[8 1e-0 0 2 1 0 -1.5]: 
[8 1e-0 0 2 1 2 0]: 
[8 1e-0 0 2 1 2 1.5]: 
[8 1e-0 0 2 1 2 -1.5]: 
[8 1e-0 0 2 1 258 0]: 
[8 1e-0 0 2 1 258 1.5]: 
[8 1e-0 0 2 1 258 -1.5]: 
[8 1e-0 0 2 1 514 0]: 
[8 1e-0 0 2 1 514 1.5]: 
[8 1e-0 0 2 1 514 -1.5]: 
[8 1e-0 0 2 1 770 0]: 
[8 1e-0 0 2 1 770 1.5]: 
[8 1e-0 0 2 1 770 -1.5]: 
[8 1e-0 0 2 65 0 0]: 
[8 1e-0 0 2 65 0 1.5]: 
[8 1e-0 0 2 65 0 -1.5]: 
[8 1e-0 0 2 65 2 0]: 
[8 1e-0 0 2 65 2 1.5]: 
[8 1e-0 0 2 65 2 -1.5]: 
[8 1e-0 0 2 65 258 0]: 
[8 1e-0 0 2 65 258 1.5]: 
[8 1e-0 0 2 65 258 -1.5]: 
[8 1e-0 0 2 65 514 0]: 
[8 1e-0 0 2 65 514 1.5]: 
[8 1e-0 0 2 65 514 -1.5]: 
[8 1e-0 0 2 65 770 0]: 
[8 1e-0 0 2 65 770 1.5]: 
[8 1e-0 0 2 65 770 -1.5]: 
[8 1e-0 0 2 129 0 0]: 
[8 1e-0 0 2 129 0 1.5]: 
[8 1e-0 0 2 129 0 -1.5]: 
[8 1e-0 0 2 129 2 0]: 
[8 1e-0 0 2 129 2 1.5]: 
[8 1e-0 0 2 129 2 -1.5]: 
[8 1e-0 0 2 129 258 0]: 
[8 1e-0 0 2 129 258 1.5]: 
[8 1e-0 0 2 129 258 -1.5]: 
[8 1e-0 0 2 129 514 0]: 
[8 1e-0 0 2 129 514 1.5]: 
[8 1e-0 0 2 129 514 -1.5]: 
[8 1e-0 0 2 129 770 0]: 
[8 1e-0 0 2 129 770 1.5]: 
[8 1e-0 0 2 129 770 -1.5]: 
[8 1e-0 0 2 193 0 0]: 
[8 1e-0 0 2 193 0 1.5]: 
[8 1e-0 0 2 193 0 -1.5]: 
[8 1e-0 0 2 193 2 0]: 
[8 1e-0 0 2 193 2 1.5]: 
[8 1e-0 0 2 193 2 -1.5]: 
[8 1e-0 0 2 193 258 0]: 
[8 1e-0 0 2 193 258 1.5]: 
[8 1e-0 0 2 193 258 -1.5]: 
[8 1e-0 0 2 193 514 0]: 
[8 1e-0 0 2 193 514 1.5]: 
[8 1e-0 0 2 193 514 -1.5]: 
[8 1e-0 0 2 193 770 0]: 
[8 1e-0 0 2 193 770 1.5]: 
[8 1e-0 0 2 193 770 -1.5]: 
[8 1e-0 1 1 0 0 0]: 
[8 1e-0 1 1 0 2 0]: 
[8 1e-0 1 1 0 2 1.5]: 
[8 1e-0 1 1 0 2 -1.5]: 
[8 1e-0 1 1 0 258 0]: 
[8 1e-0 1 1 0 258 1.5]: 
[8 1e-0 1 1 0 258 -1.5]: 
[8 1e-0 1 1 0 514 0]: 
[8 1e-0 1 1 0 514 1.5]: 
[8 1e-0 1 1 0 514 -1.5]: 
[8 1e-0 1 1 0 770 0]: 
[8 1e-0 1 1 0 770 1.5]: 
[8 1e-0 1 1 0 770 -1.5]: 
[8 1e-0 1 1 1 0 0]: 
[8 1e-0 1 1 1 0 1.5]: 
[8 1e-0 1 1 1 0 -1.5]: 
[8 1e-0 1 1 1 2 0]: 
[8 1e-0 1 1 1 2 1.5]: 
[8 1e-0 1 1 1 2 -1.5]: 
[8 1e-0 1 1 1 258 0]: 
[8 1e-0 1 1 1 258 1.5]: 
[8 1e-0 1 1 1 258 -1.5]: 
[8 1e-0 1 1 1 514 0]: 
[8 1e-0 1 1 1 514 1.5]: 
[8 1e-0 1 1 1 514 -1.5]: 
[8 1e-0 1 1 1 770 0]: 
[8 1e-0 1 1 1 770 1.5]: 
[8 1e-0 1 1 1 770 -1.5]: 
[8 1e-0 1 1 65 0 0]: 
[8 1e-0 1 1 65 0 1.5]: 
[8 1e-0 1 1 65 0 -1.5]: 
[8 1e-0 1 1 65 2 0]: 
[8 1e-0 1 1 65 2 1.5]: 
[8 1e-0 1 1 65 2 -1.5]: 
[8 1e-0 1 1 65 258 0]: 
[8 1e-0 1 1 65 258 1.5]: 
[8 1e-0 1 1 65 258 -1.5]: 
[8 1e-0 1 1 65 514 0]: 
[8 1e-0 1 1 65 514 1.5]: 
[8 1e-0 1 1 65 514 -1.5]: 
[8 1e-0 1 1 65 770 0]: 
[8 1e-0 1 1 65 770 1.5]: 
[8 1e-0 1 1 65 770 -1.5]: 
[8 1e-0 1 1 129 0 0]: 
[8 1e-0 1 1 129 0 1.5]: 
[8 1e-0 1 1 129 0 -1.5]: 
[8 1e-0 1 1 129 2 0]: 
[8 1e-0 1 1 129 2 1.5]: 
[8 1e-0 1 1 129 2 -1.5]: 
[8 1e-0 1 1 129 258 0]: 
[8 1e-0 1 1 129 258 1.5]: 
[8 1e-0 1 1 129 258 -1.5]: 
[8 1e-0 1 1 129 514 0]: 
[8 1e-0 1 1 129 514 1.5]: 
[8 1e-0 1 1 129 514 -1.5]: 
[8 1e-0 1 1 129 770 0]: 
[8 1e-0 1 1 129 770 1.5]: 
[8 1e-0 1 1 129 770 -1.5]: 
[8 1e-0 1 1 193 0 0]: 
[8 1e-0 1 1 193 0 1.5]: 
[8 1e-0 1 1 193 0 -1.5]: 
[8 1e-0 1 1 193 2 0]: 
[8 1e-0 1 1 193 2 1.5]: 
[8 1e-0 1 1 193 2 -1.5]: 
[8 1e-0 1 1 193 258 0]: 
[8 1e-0 1 1 193 258 1.5]: 
[8 1e-0 1 1 193 258 -1.5]: 
[8 1e-0 1 1 193 514 0]: 
[8 1e-0 1 1 193 514 1.5]: 
[8 1e-0 1 1 193 514 -1.5]: 
[8 1e-0 1 1 193 770 0]: 
[8 1e-0 1 1 193 770 1.5]: 
[8 1e-0 1 1 193 770 -1.5]: 
[8 1e-0 1 2 0 0 0]: 
[8 1e-0 1 2 0 2 0]: 
[8 1e-0 1 2 0 2 1.5]: 
[8 1e-0 1 2 0 2 -1.5]: 
[8 1e-0 1 2 0 258 0]: 
[8 1e-0 1 2 0 258 1.5]: 
[8 1e-0 1 2 0 258 -1.5]: 
[8 1e-0 1 2 0 514 0]: 
[8 1e-0 1 2 0 514 1.5]: 
[8 1e-0 1 2 0 514 -1.5]: 
[8 1e-0 1 2 0 770 0]: 
[8 1e-0 1 2 0 770 1.5]: 
[8 1e-0 1 2 0 770 -1.5]: 
[8 1e-0 1 2 1 0 0]: 
[8 1e-0 1 2 1 0 1.5]: 
[8 1e-0 1 2 1 0 -1.5]: 
[8 1e-0 1 2 1 2 0]: 
[8 1e-0 1 2 1 2 1.5]: 
[8 1e-0 1 2 1 2 -1.5]: 
[8 1e-0 1 2 1 258 0]: 
[8 1e-0 1 2 1 258 1.5]: 
[8 1e-0 1 2 1 258 -1.5]: 
[8 1e-0 1 2 1 514 0]: 
[8 1e-0 1 2 1 514 1.5]: 
[8 1e-0 1 2 1 514 -1.5]: 
[8 1e-0 1 2 1 770 0]: 
[8 1e-0 1 2 1 770 1.5]: 
[8 1e-0 1 2 1 770 -1.5]: 
[8 1e-0 1 2 65 0 0]: 
[8 1e-0 1 2 65 0 1.5]: 
[8 1e-0 1 2 65 0 -1.5]: 
[8 1e-0 1 2 65 2 0]: 
[8 1e-0 1 2 65 2 1.5]: 
[8 1e-0 1 2 65 2 -1.5]: 
[8 1e-0 1 2 65 258 0]: 
[8 1e-0 1 2 65 258 1.5]: 
[8 1e-0 1 2 65 258 -1.5]: 
[8 1e-0 1 2 65 514 0]: 
[8 1e-0 1 2 65 514 1.5]: 
[8 1e-0 1 2 65 514 -1.5]: 
[8 1e-0 1 2 65 770 0]: 
[8 1e-0 1 2 65 770 1.5]: 
[8 1e-0 1 2 65 770 -1.5]: 
[8 1e-0 1 2 129 0 0]: 
[8 1e-0 1 2 129 0 1.5]: 
[8 1e-0 1 2 129 0 -1.5]: 
[8 1e-0 1 2 129 2 0]: 
[8 1e-0 1 2 129 2 1.5]: 
[8 1e-0 1 2 129 2 -1.5]: 
[8 1e-0 1 2 129 258 0]: 
[8 1e-0 1 2 129 258 1.5]: 
[8 1e-0 1 2 129 258 -1.5]: 
[8 1e-0 1 2 129 514 0]: 
[8 1e-0 1 2 129 514 1.5]: 
[8 1e-0 1 2 129 514 -1.5]: 
[8 1e-0 1 2 129 770 0]: 
[8 1e-0 1 2 129 770 1.5]: 
[8 1e-0 1 2 129 770 -1.5]: 
[8 1e-0 1 2 193 0 0]: 
[8 1e-0 1 2 193 0 1.5]: 
[8 1e-0 1 2 193 0 -1.5]: 
[8 1e-0 1 2 193 2 0]: 
[8 1e-0 1 2 193 2 1.5]: 
[8 1e-0 1 2 193 2 -1.5]: 
[8 1e-0 1 2 193 258 0]: 
[8 1e-0 1 2 193 258 1.5]: 
[8 1e-0 1 2 193 258 -1.5]: 
[8 1e-0 1 2 193 514 0]: 
[8 1e-0 1 2 193 514 1.5]: 
[8 1e-0 1 2 193 514 -1.5]: 
[8 1e-0 1 2 193 770 0]: 
[8 1e-0 1 2 193 770 1.5]: 
[8 1e-0 1 2 193 770 -1.5]: 
[8 1e+1 0 1 0 0 0]: 
[8 1e+1 0 1 0 2 0]: 
[8 1e+1 0 1 0 2 1.5]: 
[8 1e+1 0 1 0 2 -1.5]: 
[8 1e+1 0 1 0 258 0]: 
[8 1e+1 0 1 0 258 1.5]: 
[8 1e+1 0 1 0 258 -1.5]: 
[8 1e+1 0 1 0 514 0]: 
[8 1e+1 0 1 0 514 1.5]: 
[8 1e+1 0 1 0 514 -1.5]: 
[8 1e+1 0 1 0 770 0]: 
[8 1e+1 0 1 0 770 1.5]: 
[8 1e+1 0 1 0 770 -1.5]: 
[8 1e+1 0 1 1 0 0]: 
[8 1e+1 0 1 1 0 1.5]: 
[8 1e+1 0 1 1 0 -1.5]: 
[8 1e+1 0 1 1 2 0]: 
[8 1e+1 0 1 1 2 1.5]: 
[8 1e+1 0 1 1 2 -1.5]: 
[8 1e+1 0 1 1 258 0]: 
[8 1e+1 0 1 1 258 1.5]: 
[8 1e+1 0 1 1 258 -1.5]: 
[8 1e+1 0 1 1 514 0]: 
[8 1e+1 0 1 1 514 1.5]: 
[8 1e+1 0 1 1 514 -1.5]: 
[8 1e+1 0 1 1 770 0]: 
[8 1e+1 0 1 1 770 1.5]: 
[8 1e+1 0 1 1 770 -1.5]: 
[8 1e+1 0 1 65 0 0]: 
[8 1e+1 0 1 65 0 1.5]: 
[8 1e+1 0 1 65 0 -1.5]: 
[8 1e+1 0 1 65 2 0]: 
[8 1e+1 0 1 65 2 1.5]: 
[8 1e+1 0 1 65 2 -1.5]: 
[8 1e+1 0 1 65 258 0]: 
[8 1e+1 0 1 65 258 1.5]: 
[8 1e+1 0 1 65 258 -1.5]: 
[8 1e+1 0 1 65 514 0]: 
[8 1e+1 0 1 65 514 1.5]: 
[8 1e+1 0 1 65 514 -1.5]: 
[8 1e+1 0 1 65 770 0]: 
[8 1e+1 0 1 65 770 1.5]: 
[8 1e+1 0 1 65 770 -1.5]: 
[8 1e+1 0 1 129 0 0]: 
[8 1e+1 0 1 129 0 1.5]: 
[8 1e+1 0 1 129 0 -1.5]: 
[8 1e+1 0 1 129 2 0]: 
[8 1e+1 0 1 129 2 1.5]: 
[8 1e+1 0 1 129 2 -1.5]: 
[8 1e+1 0 1 129 258 0]: 
[8 1e+1 0 1 129 258 1.5]: 
[8 1e+1 0 1 129 258 -1.5]: 
[8 1e+1 0 1 129 514 0]: 
[8 1e+1 0 1 129 514 1.5]: 
[8 1e+1 0 1 129 514 -1.5]: 
[8 1e+1 0 1 129 770 0]: 
[8 1e+1 0 1 129 770 1.5]: 
[8 1e+1 0 1 129 770 -1.5]: 
[8 1e+1 0 1 193 0 0]: 
[8 1e+1 0 1 193 0 1.5]: 
[8 1e+1 0 1 193 0 -1.5]: 
[8 1e+1 0 1 193 2 0]: 
[8 1e+1 0 1 193 2 1.5]: 
[8 1e+1 0 1 193 2 -1.5]: 
[8 1e+1 0 1 193 258 0]: 
[8 1e+1 0 1 193 258 1.5]: 
[8 1e+1 0 1 193 258 -1.5]: 
[8 1e+1 0 1 193 514 0]: 
[8 1e+1 0 1 193 514 1.5]: 
[8 1e+1 0 1 193 514 -1.5]: 
[8 1e+1 0 1 193 770 0]: 
[8 1e+1 0 1 193 770 1.5]: 
[8 1e+1 0 1 193 770 -1.5]: 
[8 1e+1 0 2 0 0 0]: 
[8 1e+1 0 2 0 2 0]: 
[8 1e+1 0 2 0 2 1.5]: 
[8 1e+1 0 2 0 2 -1.5]: 
[8 1e+1 0 2 0 258 0]: 
[8 1e+1 0 2 0 258 1.5]: 
[8 1e+1 0 2 0 258 -1.5]: 
[8 1e+1 0 2 0 514 0]: 
[8 1e+1 0 2 0 514 1.5]: 
[8 1e+1 0 2 0 514 -1.5]: 
[8 1e+1 0 2 0 770 0]: 
[8 1e+1 0 2 0 770 1.5]: 
[8 1e+1 0 2 0 770 -1.5]: 
[8 1e+1 0 2 1 0 0]: 
[8 1e+1 0 2 1 0 1.5]: 
[8 1e+1 0 2 1 0 -1.5]: 
[8 1e+1 0 2 1 2 0]: 
[8 1e+1 0 2 1 2 1.5]: 
[8 1e+1 0 2 1 2 -1.5]: 
[8 1e+1 0 2 1 258 0]: 
[8 1e+1 0 2 1 258 1.5]: 
[8 1e+1 0 2 1 258 -1.5]: 
[8 1e+1 0 2 1 514 0]: 
[8 1e+1 0 2 1 514 1.5]: 
[8 1e+1 0 2 1 514 -1.5]: 
[8 1e+1 0 2 1 770 0]: 
[8 1e+1 0 2 1 770 1.5]: 
[8 1e+1 0 2 1 770 -1.5]: 
[8 1e+1 0 2 65 0 0]: 
[8 1e+1 0 2 65 0 1.5]: 
[8 1e+1 0 2 65 0 -1.5]: 
[8 1e+1 0 2 65 2 0]: 
[8 1e+1 0 2 65 2 1.5]: 
[8 1e+1 0 2 65 2 -1.5]: 
[8 1e+1 0 2 65 258 0]: 
[8 1e+1 0 2 65 258 1.5]: 
[8 1e+1 0 2 65 258 -1.5]: 
[8 1e+1 0 2 65 514 0]: 
[8 1e+1 0 2 65 514 1.5]: 
[8 1e+1 0 2 65 514 -1.5]: 
[8 1e+1 0 2 65 770 0]: 
[8 1e+1 0 2 65 770 1.5]: 
[8 1e+1 0 2 65 770 -1.5]: 
[8 1e+1 0 2 129 0 0]: 
[8 1e+1 0 2 129 0 1.5]: 
[8 1e+1 0 2 129 0 -1.5]: 
[8 1e+1 0 2 129 2 0]: 
[8 1e+1 0 2 129 2 1.5]: 
[8 1e+1 0 2 129 2 -1.5]: 
[8 1e+1 0 2 129 258 0]: 
[8 1e+1 0 2 129 258 1.5]: 
[8 1e+1 0 2 129 258 -1.5]: 
[8 1e+1 0 2 129 514 0]: 
[8 1e+1 0 2 129 514 1.5]: 
[8 1e+1 0 2 129 514 -1.5]: 
[8 1e+1 0 2 129 770 0]: 
[8 1e+1 0 2 129 770 1.5]: 
[8 1e+1 0 2 129 770 -1.5]: 
[8 1e+1 0 2 193 0 0]: 
[8 1e+1 0 2 193 0 1.5]: 
[8 1e+1 0 2 193 0 -1.5]: 
[8 1e+1 0 2 193 2 0]: 
[8 1e+1 0 2 193 2 1.5]: 
[8 1e+1 0 2 193 2 -1.5]: 
[8 1e+1 0 2 193 258 0]: 
[8 1e+1 0 2 193 258 1.5]: 
[8 1e+1 0 2 193 258 -1.5]: 
[8 1e+1 0 2 193 514 0]: 
[8 1e+1 0 2 193 514 1.5]: 
[8 1e+1 0 2 193 514 -1.5]: 
[8 1e+1 0 2 193 770 0]: 
[8 1e+1 0 2 193 770 1.5]: 
[8 1e+1 0 2 193 770 -1.5]: 
[8 1e+1 1 1 0 0 0]: 
[8 1e+1 1 1 0 2 0]: 
[8 1e+1 1 1 0 2 1.5]: 
[8 1e+1 1 1 0 2 -1.5]: 
[8 1e+1 1 1 0 258 0]: 
[8 1e+1 1 1 0 258 1.5]: 
[8 1e+1 1 1 0 258 -1.5]: 
[8 1e+1 1 1 0 514 0]: 
[8 1e+1 1 1 0 514 1.5]: 
[8 1e+1 1 1 0 514 -1.5]: 
[8 1e+1 1 1 0 770 0]: 
[8 1e+1 1 1 0 770 1.5]: 
[8 1e+1 1 1 0 770 -1.5]: 
[8 1e+1 1 1 1 0 0]: 
[8 1e+1 1 1 1 0 1.5]: 
[8 1e+1 1 1 1 0 -1.5]: 
[8 1e+1 1 1 1 2 0]: 
[8 1e+1 1 1 1 2 1.5]: 
[8 1e+1 1 1 1 2 -1.5]: 
[8 1e+1 1 1 1 258 0]: 
[8 1e+1 1 1 1 258 1.5]: 
[8 1e+1 1 1 1 258 -1.5]: 
[8 1e+1 1 1 1 514 0]: 
[8 1e+1 1 1 1 514 1.5]: 
[8 1e+1 1 1 1 514 -1.5]: 
[8 1e+1 1 1 1 770 0]: 
[8 1e+1 1 1 1 770 1.5]: 
[8 1e+1 1 1 1 770 -1.5]: 
[8 1e+1 1 1 65 0 0]: 
[8 1e+1 1 1 65 0 1.5]: 
[8 1e+1 1 1 65 0 -1.5]: 
[8 1e+1 1 1 65 2 0]: 
[8 1e+1 1 1 65 2 1.5]: 
[8 1e+1 1 1 65 2 -1.5]: 
[8 1e+1 1 1 65 258 0]: 
[8 1e+1 1 1 65 258 1.5]: 
[8 1e+1 1 1 65 258 -1.5]: 
[8 1e+1 1 1 65 514 0]: 
[8 1e+1 1 1 65 514 1.5]: 
[8 1e+1 1 1 65 514 -1.5]: 
[8 1e+1 1 1 65 770 0]: 
[8 1e+1 1 1 65 770 1.5]: 
[8 1e+1 1 1 65 770 -1.5]: 
[8 1e+1 1 1 129 0 0]: 
[8 1e+1 1 1 129 0 1.5]: 
[8 1e+1 1 1 129 0 -1.5]: 
[8 1e+1 1 1 129 2 0]: 
[8 1e+1 1 1 129 2 1.5]: 
[8 1e+1 1 1 129 2 -1.5]: 
[8 1e+1 1 1 129 258 0]: 
[8 1e+1 1 1 129 258 1.5]: 
[8 1e+1 1 1 129 258 -1.5]: 
[8 1e+1 1 1 129 514 0]: 
[8 1e+1 1 1 129 514 1.5]: 
[8 1e+1 1 1 129 514 -1.5]: 
[8 1e+1 1 1 129 770 0]: 
[8 1e+1 1 1 129 770 1.5]: 
[8 1e+1 1 1 129 770 -1.5]: 
[8 1e+1 1 1 193 0 0]: 
[8 1e+1 1 1 193 0 1.5]: 
[8 1e+1 1 1 193 0 -1.5]: 
[8 1e+1 1 1 193 2 0]: 
[8 1e+1 1 1 193 2 1.5]: 
[8 1e+1 1 1 193 2 -1.5]: 
[8 1e+1 1 1 193 258 0]: 
[8 1e+1 1 1 193 258 1.5]: 
[8 1e+1 1 1 193 258 -1.5]: 
[8 1e+1 1 1 193 514 0]: 
[8 1e+1 1 1 193 514 1.5]: 
[8 1e+1 1 1 193 514 -1.5]: 
[8 1e+1 1 1 193 770 0]: 
[8 1e+1 1 1 193 770 1.5]: 
[8 1e+1 1 1 193 770 -1.5]: 
[8 1e+1 1 2 0 0 0]: 
[8 1e+1 1 2 0 2 0]: 
[8 1e+1 1 2 0 2 1.5]: 
[8 1e+1 1 2 0 2 -1.5]: 
[8 1e+1 1 2 0 258 0]: 
[8 1e+1 1 2 0 258 1.5]: 
[8 1e+1 1 2 0 258 -1.5]: 
[8 1e+1 1 2 0 514 0]: 
[8 1e+1 1 2 0 514 1.5]: 
[8 1e+1 1 2 0 514 -1.5]: 
[8 1e+1 1 2 0 770 0]: 
[8 1e+1 1 2 0 770 1.5]: 
[8 1e+1 1 2 0 770 -1.5]: 
[8 1e+1 1 2 1 0 0]: 
[8 1e+1 1 2 1 0 1.5]: 
[8 1e+1 1 2 1 0 -1.5]: 
[8 1e+1 1 2 1 2 0]: 
[8 1e+1 1 2 1 2 1.5]: 
[8 1e+1 1 2 1 2 -1.5]: 
[8 1e+1 1 2 1 258 0]: 
[8 1e+1 1 2 1 258 1.5]: 
[8 1e+1 1 2 1 258 -1.5]: 
[8 1e+1 1 2 1 514 0]: 
[8 1e+1 1 2 1 514 1.5]: 
[8 1e+1 1 2 1 514 -1.5]: 
[8 1e+1 1 2 1 770 0]: 
[8 1e+1 1 2 1 770 1.5]: 
[8 1e+1 1 2 1 770 -1.5]: 
[8 1e+1 1 2 65 0 0]: 
[8 1e+1 1 2 65 0 1.5]: 
[8 1e+1 1 2 65 0 -1.5]: 
[8 1e+1 1 2 65 2 0]: 
[8 1e+1 1 2 65 2 1.5]: 
[8 1e+1 1 2 65 2 -1.5]: 
[8 1e+1 1 2 65 258 0]: 
[8 1e+1 1 2 65 258 1.5]: 
[8 1e+1 1 2 65 258 -1.5]: 
[8 1e+1 1 2 65 514 0]: 
[8 1e+1 1 2 65 514 1.5]: 
[8 1e+1 1 2 65 514 -1.5]: 
[8 1e+1 1 2 65 770 0]: 
[8 1e+1 1 2 65 770 1.5]: 
[8 1e+1 1 2 65 770 -1.5]: 
[8 1e+1 1 2 129 0 0]: 
[8 1e+1 1 2 129 0 1.5]: 
[8 1e+1 1 2 129 0 -1.5]: 
[8 1e+1 1 2 129 2 0]: 
[8 1e+1 1 2 129 2 1.5]: 
[8 1e+1 1 2 129 2 -1.5]: 
[8 1e+1 1 2 129 258 0]: 
[8 1e+1 1 2 129 258 1.5]: 
[8 1e+1 1 2 129 258 -1.5]: 
[8 1e+1 1 2 129 514 0]: 
[8 1e+1 1 2 129 514 1.5]: 
[8 1e+1 1 2 129 514 -1.5]: 
[8 1e+1 1 2 129 770 0]: 
[8 1e+1 1 2 129 770 1.5]: 
[8 1e+1 1 2 129 770 -1.5]: 
[8 1e+1 1 2 193 0 0]: 
[8 1e+1 1 2 193 0 1.5]: 
[8 1e+1 1 2 193 0 -1.5]: 
[8 1e+1 1 2 193 2 0]: 
[8 1e+1 1 2 193 2 1.5]: 
[8 1e+1 1 2 193 2 -1.5]: 
[8 1e+1 1 2 193 258 0]: 
[8 1e+1 1 2 193 258 1.5]: 
[8 1e+1 1 2 193 258 -1.5]: 
[8 1e+1 1 2 193 514 0]: 
[8 1e+1 1 2 193 514 1.5]: 
[8 1e+1 1 2 193 514 -1.5]: 
[8 1e+1 1 2 193 770 0]: 
[8 1e+1 1 2 193 770 1.5]: 
[8 1e+1 1 2 193 770 -1.5]: 
[12 1e-1 0 1 0 0 0]: 
[12 1e-1 0 1 0 2 0]: 
[12 1e-1 0 1 0 2 1.5]: 
[12 1e-1 0 1 0 2 -1.5]: 
[12 1e-1 0 1 0 258 0]: 
[12 1e-1 0 1 0 258 1.5]: 
[12 1e-1 0 1 0 258 -1.5]: 
[12 1e-1 0 1 0 514 0]: 
[12 1e-1 0 1 0 514 1.5]: 
[12 1e-1 0 1 0 514 -1.5]: 
[12 1e-1 0 1 0 770 0]: 
[12 1e-1 0 1 0 770 1.5]: 
[12 1e-1 0 1 0 770 -1.5]: 
[12 1e-1 0 1 1 0 0]: 
[12 1e-1 0 1 1 0 1.5]: 
[12 1e-1 0 1 1 0 -1.5]: 
[12 1e-1 0 1 1 2 0]: 
[12 1e-1 0 1 1 2 1.5]: 
[12 1e-1 0 1 1 2 -1.5]: 
[12 1e-1 0 1 1 258 0]: 
[12 1e-1 0 1 1 258 1.5]: 
[12 1e-1 0 1 1 258 -1.5]: 
[12 1e-1 0 1 1 514 0]: 
[12 1e-1 0 1 1 514 1.5]: 
[12 1e-1 0 1 1 514 -1.5]: 
[12 1e-1 0 1 1 770 0]: 
[12 1e-1 0 1 1 770 1.5]: 
[12 1e-1 0 1 1 770 -1.5]: 
[12 1e-1 0 1 65 0 0]: 
[12 1e-1 0 1 65 0 1.5]: 
[12 1e-1 0 1 65 0 -1.5]: 
[12 1e-1 0 1 65 2 0]: 
[12 1e-1 0 1 65 2 1.5]: 
[12 1e-1 0 1 65 2 -1.5]: 
[12 1e-1 0 1 65 258 0]: 
[12 1e-1 0 1 65 258 1.5]: 
[12 1e-1 0 1 65 258 -1.5]: 
[12 1e-1 0 1 65 514 0]: 
[12 1e-1 0 1 65 514 1.5]: 
[12 1e-1 0 1 65 514 -1.5]: 
[12 1e-1 0 1 65 770 0]: 
[12 1e-1 0 1 65 770 1.5]: 
[12 1e-1 0 1 65 770 -1.5]: 
[12 1e-1 0 1 129 0 0]: 
[12 1e-1 0 1 129 0 1.5]: 
[12 1e-1 0 1 129 0 -1.5]: 
[12 1e-1 0 1 129 2 0]: 
[12 1e-1 0 1 129 2 1.5]: 
[12 1e-1 0 1 129 2 -1.5]: 
[12 1e-1 0 1 129 258 0]: 
[12 1e-1 0 1 129 258 1.5]: 
[12 1e-1 0 1 129 258 -1.5]: 
[12 1e-1 0 1 129 514 0]: 
[12 1e-1 0 1 129 514 1.5]: 
[12 1e-1 0 1 129 514 -1.5]: 
[12 1e-1 0 1 129 770 0]: 
[12 1e-1 0 1 129 770 1.5]: 
[12 1e-1 0 1 129 770 -1.5]: 
[12 1e-1 0 1 193 0 0]: 
[12 1e-1 0 1 193 0 1.5]: 
[12 1e-1 0 1 193 0 -1.5]: 
[12 1e-1 0 1 193 2 0]: 
[12 1e-1 0 1 193 2 1.5]: 
[12 1e-1 0 1 193 2 -1.5]: 
[12 1e-1 0 1 193 258 0]: 
[12 1e-1 0 1 193 258 1.5]: 
[12 1e-1 0 1 193 258 -1.5]: 
[12 1e-1 0 1 193 514 0]: 
[12 1e-1 0 1 193 514 1.5]: 
[12 1e-1 0 1 193 514 -1.5]: 
[12 1e-1 0 1 193 770 0]: 
[12 1e-1 0 1 193 770 1.5]: 
[12 1e-1 0 1 193 770 -1.5]: 
[12 1e-1 0 2 0 0 0]: 
[12 1e-1 0 2 0 2 0]: 
[12 1e-1 0 2 0 2 1.5]: 
[12 1e-1 0 2 0 2 -1.5]: 
[12 1e-1 0 2 0 258 0]: 
[12 1e-1 0 2 0 258 1.5]: 
[12 1e-1 0 2 0 258 -1.5]: 
[12 1e-1 0 2 0 514 0]: 
[12 1e-1 0 2 0 514 1.5]: 
[12 1e-1 0 2 0 514 -1.5]: 
[12 1e-1 0 2 0 770 0]: 
[12 1e-1 0 2 0 770 1.5]: 
[12 1e-1 0 2 0 770 -1.5]: 
[12 1e-1 0 2 1 0 0]: 
[12 1e-1 0 2 1 0 1.5]: 
[12 1e-1 0 2 1 0 -1.5]: 
[12 1e-1 0 2 1 2 0]: 
[12 1e-1 0 2 1 2 1.5]: 
[12 1e-1 0 2 1 2 -1.5]: 
[12 1e-1 0 2 1 258 0]: 
[12 1e-1 0 2 1 258 1.5]: 
[12 1e-1 0 2 1 258 -1.5]: 
[12 1e-1 0 2 1 514 0]: 
[12 1e-1 0 2 1 514 1.5]: 
[12 1e-1 0 2 1 514 -1.5]: 
[12 1e-1 0 2 1 770 0]: 
[12 1e-1 0 2 1 770 1.5]: 
[12 1e-1 0 2 1 770 -1.5]: 
[12 1e-1 0 2 65 0 0]: 
[12 1e-1 0 2 65 0 1.5]: 
[12 1e-1 0 2 65 0 -1.5]: 
[12 1e-1 0 2 65 2 0]: 
[12 1e-1 0 2 65 2 1.5]: 
[12 1e-1 0 2 65 2 -1.5]: 
[12 1e-1 0 2 65 258 0]: 
[12 1e-1 0 2 65 258 1.5]: 
[12 1e-1 0 2 65 258 -1.5]: 
[12 1e-1 0 2 65 514 0]: 
[12 1e-1 0 2 65 514 1.5]: 
[12 1e-1 0 2 65 514 -1.5]: 
[12 1e-1 0 2 65 770 0]: 
[12 1e-1 0 2 65 770 1.5]: 
[12 1e-1 0 2 65 770 -1.5]: 
[12 1e-1 0 2 129 0 0]: 
[12 1e-1 0 2 129 0 1.5]: 
[12 1e-1 0 2 129 0 -1.5]: 
[12 1e-1 0 2 129 2 0]: 
[12 1e-1 0 2 129 2 1.5]: 
[12 1e-1 0 2 129 2 -1.5]: 
[12 1e-1 0 2 129 258 0]: 
[12 1e-1 0 2 129 258 1.5]: 
[12 1e-1 0 2 129 258 -1.5]: 
[12 1e-1 0 2 129 514 0]: 
[12 1e-1 0 2 129 514 1.5]: 
[12 1e-1 0 2 129 514 -1.5]: 
[12 1e-1 0 2 129 770 0]: 
[12 1e-1 0 2 129 770 1.5]: 
[12 1e-1 0 2 129 770 -1.5]: 
[12 1e-1 0 2 193 0 0]: 
[12 1e-1 0 2 193 0 1.5]: 
[12 1e-1 0 2 193 0 -1.5]: 
[12 1e-1 0 2 193 2 0]: 
[12 1e-1 0 2 193 2 1.5]: 
[12 1e-1 0 2 193 2 -1.5]: 
[12 1e-1 0 2 193 258 0]: 
[12 1e-1 0 2 193 258 1.5]: 
[12 1e-1 0 2 193 258 -1.5]: 
[12 1e-1 0 2 193 514 0]: 
[12 1e-1 0 2 193 514 1.5]: 
[12 1e-1 0 2 193 514 -1.5]: 
[12 1e-1 0 2 193 770 0]: 
[12 1e-1 0 2 193 770 1.5]: 
[12 1e-1 0 2 193 770 -1.5]: 
[12 1e-1 1 1 0 0 0]: 
[12 1e-1 1 1 0 2 0]: 
[12 1e-1 1 1 0 2 1.5]: 
[12 1e-1 1 1 0 2 -1.5]: 
[12 1e-1 1 1 0 258 0]: 
[12 1e-1 1 1 0 258 1.5]: 
[12 1e-1 1 1 0 258 -1.5]: 
[12 1e-1 1 1 0 514 0]: 
[12 1e-1 1 1 0 514 1.5]: 
[12 1e-1 1 1 0 514 -1.5]: 
[12 1e-1 1 1 0 770 0]: 
[12 1e-1 1 1 0 770 1.5]: 
[12 1e-1 1 1 0 770 -1.5]: 
[12 1e-1 1 1 1 0 0]: 
[12 1e-1 1 1 1 0 1.5]: 
[12 1e-1 1 1 1 0 -1.5]: 
[12 1e-1 1 1 1 2 0]: 
[12 1e-1 1 1 1 2 1.5]: 
[12 1e-1 1 1 1 2 -1.5]: 
[12 1e-1 1 1 1 258 0]: 
[12 1e-1 1 1 1 258 1.5]: 
[12 1e-1 1 1 1 258 -1.5]: 
[12 1e-1 1 1 1 514 0]: 
[12 1e-1 1 1 1 514 1.5]: 
[12 1e-1 1 1 1 514 -1.5]: 
[12 1e-1 1 1 1 770 0]: 
[12 1e-1 1 1 1 770 1.5]: 
[12 1e-1 1 1 1 770 -1.5]: 
[12 1e-1 1 1 65 0 0]: 
[12 1e-1 1 1 65 0 1.5]: 
[12 1e-1 1 1 65 0 -1.5]: 
[12 1e-1 1 1 65 2 0]: 
[12 1e-1 1 1 65 2 1.5]: 
[12 1e-1 1 1 65 2 -1.5]: 
[12 1e-1 1 1 65 258 0]: 
[12 1e-1 1 1 65 258 1.5]: 
[12 1e-1 1 1 65 258 -1.5]: 
[12 1e-1 1 1 65 514 0]: 
[12 1e-1 1 1 65 514 1.5]: 
[12 1e-1 1 1 65 514 -1.5]: 
[12 1e-1 1 1 65 770 0]: 
[12 1e-1 1 1 65 770 1.5]: 
[12 1e-1 1 1 65 770 -1.5]: 
[12 1e-1 1 1 129 0 0]: 
[12 1e-1 1 1 129 0 1.5]: 
[12 1e-1 1 1 129 0 -1.5]: 
[12 1e-1 1 1 129 2 0]: 
[12 1e-1 1 1 129 2 1.5]: 
[12 1e-1 1 1 129 2 -1.5]: 
[12 1e-1 1 1 129 258 0]: 
[12 1e-1 1 1 129 258 1.5]: 
[12 1e-1 1 1 129 258 -1.5]: 
[12 1e-1 1 1 129 514 0]: 
[12 1e-1 1 1 129 514 1.5]: 
[12 1e-1 1 1 129 514 -1.5]: 
[12 1e-1 1 1 129 770 0]: 
[12 1e-1 1 1 129 770 1.5]: 
[12 1e-1 1 1 129 770 -1.5]: 
[12 1e-1 1 1 193 0 0]: 
[12 1e-1 1 1 193 0 1.5]: 
[12 1e-1 1 1 193 0 -1.5]: 
[12 1e-1 1 1 193 2 0]: 
[12 1e-1 1 1 193 2 1.5]: 
[12 1e-1 1 1 193 2 -1.5]: 
[12 1e-1 1 1 193 258 0]: 
[12 1e-1 1 1 193 258 1.5]: 
[12 1e-1 1 1 193 258 -1.5]: 
[12 1e-1 1 1 193 514 0]: 
[12 1e-1 1 1 193 514 1.5]: 
[12 1e-1 1 1 193 514 -1.5]: 
[12 1e-1 1 1 193 770 0]: 
[12 1e-1 1 1 193 770 1.5]: 
[12 1e-1 1 1 193 770 -1.5]: 
[12 1e-1 1 2 0 0 0]: 
[12 1e-1 1 2 0 2 0]: 
[12 1e-1 1 2 0 2 1.5]: 
[12 1e-1 1 2 0 2 -1.5]: 
[12 1e-1 1 2 0 258 0]: 
[12 1e-1 1 2 0 258 1.5]: 
[12 1e-1 1 2 0 258 -1.5]: 
[12 1e-1 1 2 0 514 0]: 
[12 1e-1 1 2 0 514 1.5]: 
[12 1e-1 1 2 0 514 -1.5]: 
[12 1e-1 1 2 0 770 0]: 
[12 1e-1 1 2 0 770 1.5]: 
[12 1e-1 1 2 0 770 -1.5]: 
[12 1e-1 1 2 1 0 0]: 
[12 1e-1 1 2 1 0 1.5]: 
[12 1e-1 1 2 1 0 -1.5]: 
[12 1e-1 1 2 1 2 0]: 
[12 1e-1 1 2 1 2 1.5]: 
[12 1e-1 1 2 1 2 -1.5]: 
[12 1e-1 1 2 1 258 0]: 
[12 1e-1 1 2 1 258 1.5]: 
[12 1e-1 1 2 1 258 -1.5]: 
[12 1e-1 1 2 1 514 0]: 
[12 1e-1 1 2 1 514 1.5]: 
[12 1e-1 1 2 1 514 -1.5]: 
[12 1e-1 1 2 1 770 0]: 
[12 1e-1 1 2 1 770 1.5]: 
[12 1e-1 1 2 1 770 -1.5]: 
[12 1e-1 1 2 65 0 0]: 
[12 1e-1 1 2 65 0 1.5]: 
[12 1e-1 1 2 65 0 -1.5]: 
[12 1e-1 1 2 65 2 0]: 
[12 1e-1 1 2 65 2 1.5]: 
[12 1e-1 1 2 65 2 -1.5]: 
[12 1e-1 1 2 65 258 0]: 
[12 1e-1 1 2 65 258 1.5]: 
[12 1e-1 1 2 65 258 -1.5]: 
[12 1e-1 1 2 65 514 0]: 
[12 1e-1 1 2 65 514 1.5]: 
[12 1e-1 1 2 65 514 -1.5]: 
[12 1e-1 1 2 65 770 0]: 
[12 1e-1 1 2 65 770 1.5]: 
[12 1e-1 1 2 65 770 -1.5]: 
[12 1e-1 1 2 129 0 0]: 
[12 1e-1 1 2 129 0 1.5]: 
[12 1e-1 1 2 129 0 -1.5]: 
[12 1e-1 1 2 129 2 0]: 
[12 1e-1 1 2 129 2 1.5]: 
[12 1e-1 1 2 129 2 -1.5]: 
[12 1e-1 1 2 129 258 0]: 
[12 1e-1 1 2 129 258 1.5]: 
[12 1e-1 1 2 129 258 -1.5]: 
[12 1e-1 1 2 129 514 0]: 
[12 1e-1 1 2 129 514 1.5]: 
[12 1e-1 1 2 129 514 -1.5]: 
[12 1e-1 1 2 129 770 0]: 
[12 1e-1 1 2 129 770 1.5]: 
[12 1e-1 1 2 129 770 -1.5]: 
[12 1e-1 1 2 193 0 0]: 
[12 1e-1 1 2 193 0 1.5]: 
[12 1e-1 1 2 193 0 -1.5]: 
[12 1e-1 1 2 193 2 0]: 
[12 1e-1 1 2 193 2 1.5]: 
[12 1e-1 1 2 193 2 -1.5]: 
[12 1e-1 1 2 193 258 0]: 
[12 1e-1 1 2 193 258 1.5]: 
[12 1e-1 1 2 193 258 -1.5]: 
[12 1e-1 1 2 193 514 0]: 
[12 1e-1 1 2 193 514 1.5]: 
[12 1e-1 1 2 193 514 -1.5]: 
[12 1e-1 1 2 193 770 0]: 
[12 1e-1 1 2 193 770 1.5]: 
[12 1e-1 1 2 193 770 -1.5]: 
[12 1e-2 0 1 0 0 0]: 
[12 1e-2 0 1 0 2 0]: 
[12 1e-2 0 1 0 2 1.5]: 
[12 1e-2 0 1 0 2 -1.5]: 
[12 1e-2 0 1 0 258 0]: 
[12 1e-2 0 1 0 258 1.5]: 
[12 1e-2 0 1 0 258 -1.5]: 
[12 1e-2 0 1 0 514 0]: 
[12 1e-2 0 1 0 514 1.5]: 
[12 1e-2 0 1 0 514 -1.5]: 
[12 1e-2 0 1 0 770 0]: 
[12 1e-2 0 1 0 770 1.5]: 
[12 1e-2 0 1 0 770 -1.5]: 
[12 1e-2 0 1 1 0 0]: 
[12 1e-2 0 1 1 0 1.5]: 
[12 1e-2 0 1 1 0 -1.5]: 
[12 1e-2 0 1 1 2 0]: 
[12 1e-2 0 1 1 2 1.5]: 
[12 1e-2 0 1 1 2 -1.5]: 
[12 1e-2 0 1 1 258 0]: 
[12 1e-2 0 1 1 258 1.5]: 
[12 1e-2 0 1 1 258 -1.5]: 
[12 1e-2 0 1 1 514 0]: 
[12 1e-2 0 1 1 514 1.5]: 
[12 1e-2 0 1 1 514 -1.5]: 
[12 1e-2 0 1 1 770 0]: 
[12 1e-2 0 1 1 770 1.5]: 
[12 1e-2 0 1 1 770 -1.5]: 
[12 1e-2 0 1 65 0 0]: 
[12 1e-2 0 1 65 0 1.5]: 
[12 1e-2 0 1 65 0 -1.5]: 
[12 1e-2 0 1 65 2 0]: 
[12 1e-2 0 1 65 2 1.5]: 
[12 1e-2 0 1 65 2 -1.5]: 
[12 1e-2 0 1 65 258 0]: 
[12 1e-2 0 1 65 258 1.5]: 
[12 1e-2 0 1 65 258 -1.5]: 
[12 1e-2 0 1 65 514 0]: 
[12 1e-2 0 1 65 514 1.5]: 
[12 1e-2 0 1 65 514 -1.5]: 
[12 1e-2 0 1 65 770 0]: 
[12 1e-2 0 1 65 770 1.5]: 
[12 1e-2 0 1 65 770 -1.5]: 
[12 1e-2 0 1 129 0 0]: 
[12 1e-2 0 1 129 0 1.5]: 
[12 1e-2 0 1 129 0 -1.5]: 
[12 1e-2 0 1 129 2 0]: 
[12 1e-2 0 1 129 2 1.5]: 
[12 1e-2 0 1 129 2 -1.5]: 
[12 1e-2 0 1 129 258 0]: 
[12 1e-2 0 1 129 258 1.5]: 
[12 1e-2 0 1 129 258 -1.5]: 
[12 1e-2 0 1 129 514 0]: 
[12 1e-2 0 1 129 514 1.5]: 
[12 1e-2 0 1 129 514 -1.5]: 
[12 1e-2 0 1 129 770 0]: 
[12 1e-2 0 1 129 770 1.5]: 
[12 1e-2 0 1 129 770 -1.5]: 
[12 1e-2 0 1 193 0 0]: 
[12 1e-2 0 1 193 0 1.5]: 
[12 1e-2 0 1 193 0 -1.5]: 
[12 1e-2 0 1 193 2 0]: 
[12 1e-2 0 1 193 2 1.5]: 
[12 1e-2 0 1 193 2 -1.5]: 
[12 1e-2 0 1 193 258 0]: 
[12 1e-2 0 1 193 258 1.5]: 
[12 1e-2 0 1 193 258 -1.5]: 
[12 1e-2 0 1 193 514 0]: 
[12 1e-2 0 1 193 514 1.5]: 
[12 1e-2 0 1 193 514 -1.5]: 
[12 1e-2 0 1 193 770 0]: 
[12 1e-2 0 1 193 770 1.5]: 
[12 1e-2 0 1 193 770 -1.5]: 
[12 1e-2 0 2 0 0 0]: 
[12 1e-2 0 2 0 2 0]: 
[12 1e-2 0 2 0 2 1.5]: 
[12 1e-2 0 2 0 2 -1.5]: 
[12 1e-2 0 2 0 258 0]: 
[12 1e-2 0 2 0 258 1.5]: 
[12 1e-2 0 2 0 258 -1.5]: 
[12 1e-2 0 2 0 514 0]: 
[12 1e-2 0 2 0 514 1.5]: 
[12 1e-2 0 2 0 514 -1.5]: 
[12 1e-2 0 2 0 770 0]: 
[12 1e-2 0 2 0 770 1.5]: 
[12 1e-2 0 2 0 770 -1.5]: 
[12 1e-2 0 2 1 0 0]: 
[12 1e-2 0 2 1 0 1.5]: 
[12 1e-2 0 2 1 0 -1.5]: 
[12 1e-2 0 2 1 2 0]: 
[12 1e-2 0 2 1 2 1.5]: 
[12 1e-2 0 2 1 2 -1.5]: 
[12 1e-2 0 2 1 258 0]: 
[12 1e-2 0 2 1 258 1.5]: 
[12 1e-2 0 2 1 258 -1.5]: 
[12 1e-2 0 2 1 514 0]: 
[12 1e-2 0 2 1 514 1.5]: 
[12 1e-2 0 2 1 514 -1.5]: 
[12 1e-2 0 2 1 770 0]: 
[12 1e-2 0 2 1 770 1.5]: 
[12 1e-2 0 2 1 770 -1.5]: 
[12 1e-2 0 2 65 0 0]: 
[12 1e-2 0 2 65 0 1.5]: 
[12 1e-2 0 2 65 0 -1.5]: 
[12 1e-2 0 2 65 2 0]: 
[12 1e-2 0 2 65 2 1.5]: 
[12 1e-2 0 2 65 2 -1.5]: 
[12 1e-2 0 2 65 258 0]: 
[12 1e-2 0 2 65 258 1.5]: 
[12 1e-2 0 2 65 258 -1.5]: 
[12 1e-2 0 2 65 514 0]: 
[12 1e-2 0 2 65 514 1.5]: 
[12 1e-2 0 2 65 514 -1.5]: 
[12 1e-2 0 2 65 770 0]: 
[12 1e-2 0 2 65 770 1.5]: 
[12 1e-2 0 2 65 770 -1.5]: 
[12 1e-2 0 2 129 0 0]: 
[12 1e-2 0 2 129 0 1.5]: 
[12 1e-2 0 2 129 0 -1.5]: 
[12 1e-2 0 2 129 2 0]: 
[12 1e-2 0 2 129 2 1.5]: 
[12 1e-2 0 2 129 2 -1.5]: 
[12 1e-2 0 2 129 258 0]: 
[12 1e-2 0 2 129 258 1.5]: 
[12 1e-2 0 2 129 258 -1.5]: 
[12 1e-2 0 2 129 514 0]: 
[12 1e-2 0 2 129 514 1.5]: 
[12 1e-2 0 2 129 514 -1.5]: 
[12 1e-2 0 2 129 770 0]: 
[12 1e-2 0 2 129 770 1.5]: 
[12 1e-2 0 2 129 770 -1.5]: 
[12 1e-2 0 2 193 0 0]: 
[12 1e-2 0 2 193 0 1.5]: 
[12 1e-2 0 2 193 0 -1.5]: 
[12 1e-2 0 2 193 2 0]: 
[12 1e-2 0 2 193 2 1.5]: 
[12 1e-2 0 2 193 2 -1.5]: 
[12 1e-2 0 2 193 258 0]: 
[12 1e-2 0 2 193 258 1.5]: 
[12 1e-2 0 2 193 258 -1.5]: 
[12 1e-2 0 2 193 514 0]: 
[12 1e-2 0 2 193 514 1.5]: 
[12 1e-2 0 2 193 514 -1.5]: 
[12 1e-2 0 2 193 770 0]: 
[12 1e-2 0 2 193 770 1.5]: 
[12 1e-2 0 2 193 770 -1.5]: 
[12 1e-2 1 1 0 0 0]: 
[12 1e-2 1 1 0 2 0]: 
[12 1e-2 1 1 0 2 1.5]: 
[12 1e-2 1 1 0 2 -1.5]: 
[12 1e-2 1 1 0 258 0]: 
[12 1e-2 1 1 0 258 1.5]: 
[12 1e-2 1 1 0 258 -1.5]: 
[12 1e-2 1 1 0 514 0]: 
[12 1e-2 1 1 0 514 1.5]: 
[12 1e-2 1 1 0 514 -1.5]: 
[12 1e-2 1 1 0 770 0]: 
[12 1e-2 1 1 0 770 1.5]: 
[12 1e-2 1 1 0 770 -1.5]: 
[12 1e-2 1 1 1 0 0]: 
[12 1e-2 1 1 1 0 1.5]: 
[12 1e-2 1 1 1 0 -1.5]: 
[12 1e-2 1 1 1 2 0]: 
[12 1e-2 1 1 1 2 1.5]: 
[12 1e-2 1 1 1 2 -1.5]: 
[12 1e-2 1 1 1 258 0]: 
[12 1e-2 1 1 1 258 1.5]: 
[12 1e-2 1 1 1 258 -1.5]: 
[12 1e-2 1 1 1 514 0]: 
[12 1e-2 1 1 1 514 1.5]: 
[12 1e-2 1 1 1 514 -1.5]: 
[12 1e-2 1 1 1 770 0]: 
[12 1e-2 1 1 1 770 1.5]: 
[12 1e-2 1 1 1 770 -1.5]: 
[12 1e-2 1 1 65 0 0]: 
[12 1e-2 1 1 65 0 1.5]: 
[12 1e-2 1 1 65 0 -1.5]: 
[12 1e-2 1 1 65 2 0]: 
[12 1e-2 1 1 65 2 1.5]: 
[12 1e-2 1 1 65 2 -1.5]: 
[12 1e-2 1 1 65 258 0]: 
[12 1e-2 1 1 65 258 1.5]: 
[12 1e-2 1 1 65 258 -1.5]: 
[12 1e-2 1 1 65 514 0]: 
[12 1e-2 1 1 65 514 1.5]: 
[12 1e-2 1 1 65 514 -1.5]: 
[12 1e-2 1 1 65 770 0]: 
[12 1e-2 1 1 65 770 1.5]: 
[12 1e-2 1 1 65 770 -1.5]: 
[12 1e-2 1 1 129 0 0]: 
[12 1e-2 1 1 129 0 1.5]: 
[12 1e-2 1 1 129 0 -1.5]: 
[12 1e-2 1 1 129 2 0]: 
[12 1e-2 1 1 129 2 1.5]: 
[12 1e-2 1 1 129 2 -1.5]: 
[12 1e-2 1 1 129 258 0]: 
[12 1e-2 1 1 129 258 1.5]: 
[12 1e-2 1 1 129 258 -1.5]: 
[12 1e-2 1 1 129 514 0]: 
[12 1e-2 1 1 129 514 1.5]: 
[12 1e-2 1 1 129 514 -1.5]: 
[12 1e-2 1 1 129 770 0]: 
[12 1e-2 1 1 129 770 1.5]: 
[12 1e-2 1 1 129 770 -1.5]: 
[12 1e-2 1 1 193 0 0]: 
[12 1e-2 1 1 193 0 1.5]: 
[12 1e-2 1 1 193 0 -1.5]: 
[12 1e-2 1 1 193 2 0]: 
[12 1e-2 1 1 193 2 1.5]: 
[12 1e-2 1 1 193 2 -1.5]: 
[12 1e-2 1 1 193 258 0]: 
[12 1e-2 1 1 193 258 1.5]: 
[12 1e-2 1 1 193 258 -1.5]: 
[12 1e-2 1 1 193 514 0]: 
[12 1e-2 1 1 193 514 1.5]: 
[12 1e-2 1 1 193 514 -1.5]: 
[12 1e-2 1 1 193 770 0]: 
[12 1e-2 1 1 193 770 1.5]: 
[12 1e-2 1 1 193 770 -1.5]: 
[12 1e-2 1 2 0 0 0]: 
[12 1e-2 1 2 0 2 0]: 
[12 1e-2 1 2 0 2 1.5]: 
[12 1e-2 1 2 0 2 -1.5]: 
[12 1e-2 1 2 0 258 0]: 
[12 1e-2 1 2 0 258 1.5]: 
[12 1e-2 1 2 0 258 -1.5]: 
[12 1e-2 1 2 0 514 0]: 
[12 1e-2 1 2 0 514 1.5]: 
[12 1e-2 1 2 0 514 -1.5]: 
[12 1e-2 1 2 0 770 0]: 
[12 1e-2 1 2 0 770 1.5]: 
[12 1e-2 1 2 0 770 -1.5]: 
[12 1e-2 1 2 1 0 0]: 
[12 1e-2 1 2 1 0 1.5]: 
[12 1e-2 1 2 1 0 -1.5]: 
[12 1e-2 1 2 1 2 0]: 
[12 1e-2 1 2 1 2 1.5]: 
[12 1e-2 1 2 1 2 -1.5]: 
[12 1e-2 1 2 1 258 0]: 
[12 1e-2 1 2 1 258 1.5]: 
[12 1e-2 1 2 1 258 -1.5]: 
[12 1e-2 1 2 1 514 0]: 
[12 1e-2 1 2 1 514 1.5]: 
[12 1e-2 1 2 1 514 -1.5]: 
[12 1e-2 1 2 1 770 0]: 
[12 1e-2 1 2 1 770 1.5]: 
[12 1e-2 1 2 1 770 -1.5]: 
[12 1e-2 1 2 65 0 0]: 
[12 1e-2 1 2 65 0 1.5]: 
[12 1e-2 1 2 65 0 -1.5]: 
[12 1e-2 1 2 65 2 0]: 
[12 1e-2 1 2 65 2 1.5]: 
[12 1e-2 1 2 65 2 -1.5]: 
[12 1e-2 1 2 65 258 0]: 
[12 1e-2 1 2 65 258 1.5]: 
[12 1e-2 1 2 65 258 -1.5]: 
[12 1e-2 1 2 65 514 0]: 
[12 1e-2 1 2 65 514 1.5]: 
[12 1e-2 1 2 65 514 -1.5]: 
[12 1e-2 1 2 65 770 0]: 
[12 1e-2 1 2 65 770 1.5]: 
[12 1e-2 1 2 65 770 -1.5]: 
[12 1e-2 1 2 129 0 0]: 
[12 1e-2 1 2 129 0 1.5]: 
[12 1e-2 1 2 129 0 -1.5]: 
[12 1e-2 1 2 129 2 0]: 
[12 1e-2 1 2 129 2 1.5]: 
[12 1e-2 1 2 129 2 -1.5]: 
[12 1e-2 1 2 129 258 0]: 
[12 1e-2 1 2 129 258 1.5]: 
[12 1e-2 1 2 129 258 -1.5]: 
[12 1e-2 1 2 129 514 0]: 
[12 1e-2 1 2 129 514 1.5]: 
[12 1e-2 1 2 129 514 -1.5]: 
[12 1e-2 1 2 129 770 0]: 
[12 1e-2 1 2 129 770 1.5]: 
[12 1e-2 1 2 129 770 -1.5]: 
[12 1e-2 1 2 193 0 0]: 
[12 1e-2 1 2 193 0 1.5]: 
[12 1e-2 1 2 193 0 -1.5]: 
[12 1e-2 1 2 193 2 0]: 
[12 1e-2 1 2 193 2 1.5]: 
[12 1e-2 1 2 193 2 -1.5]: 
[12 1e-2 1 2 193 258 0]: 
[12 1e-2 1 2 193 258 1.5]: 
[12 1e-2 1 2 193 258 -1.5]: 
[12 1e-2 1 2 193 514 0]: 
[12 1e-2 1 2 193 514 1.5]: 
[12 1e-2 1 2 193 514 -1.5]: 
[12 1e-2 1 2 193 770 0]: 
[12 1e-2 1 2 193 770 1.5]: 
[12 1e-2 1 2 193 770 -1.5]: 
[12 1e-3 0 1 0 0 0]: 
[12 1e-3 0 1 0 2 0]: 
[12 1e-3 0 1 0 2 1.5]: 
[12 1e-3 0 1 0 2 -1.5]: 
[12 1e-3 0 1 0 258 0]: 
[12 1e-3 0 1 0 258 1.5]: 
[12 1e-3 0 1 0 258 -1.5]: 
[12 1e-3 0 1 0 514 0]: 
[12 1e-3 0 1 0 514 1.5]: 
[12 1e-3 0 1 0 514 -1.5]: 
[12 1e-3 0 1 0 770 0]: 
[12 1e-3 0 1 0 770 1.5]: 
[12 1e-3 0 1 0 770 -1.5]: 
[12 1e-3 0 1 1 0 0]: 
[12 1e-3 0 1 1 0 1.5]: 
[12 1e-3 0 1 1 0 -1.5]: 
[12 1e-3 0 1 1 2 0]: 
[12 1e-3 0 1 1 2 1.5]: 
[12 1e-3 0 1 1 2 -1.5]: 
[12 1e-3 0 1 1 258 0]: 
[12 1e-3 0 1 1 258 1.5]: 
[12 1e-3 0 1 1 258 -1.5]: 
[12 1e-3 0 1 1 514 0]: 
[12 1e-3 0 1 1 514 1.5]: 
[12 1e-3 0 1 1 514 -1.5]: 
[12 1e-3 0 1 1 770 0]: 
[12 1e-3 0 1 1 770 1.5]: 
[12 1e-3 0 1 1 770 -1.5]: 
[12 1e-3 0 1 65 0 0]: 
[12 1e-3 0 1 65 0 1.5]: 
[12 1e-3 0 1 65 0 -1.5]: 
[12 1e-3 0 1 65 2 0]: 
[12 1e-3 0 1 65 2 1.5]: 
[12 1e-3 0 1 65 2 -1.5]: 
[12 1e-3 0 1 65 258 0]: 
[12 1e-3 0 1 65 258 1.5]: 
[12 1e-3 0 1 65 258 -1.5]: 
[12 1e-3 0 1 65 514 0]: 
[12 1e-3 0 1 65 514 1.5]: 
[12 1e-3 0 1 65 514 -1.5]: 
[12 1e-3 0 1 65 770 0]: 
[12 1e-3 0 1 65 770 1.5]: 
[12 1e-3 0 1 65 770 -1.5]: 
[12 1e-3 0 1 129 0 0]: 
[12 1e-3 0 1 129 0 1.5]: 
[12 1e-3 0 1 129 0 -1.5]: 
[12 1e-3 0 1 129 2 0]: 
[12 1e-3 0 1 129 2 1.5]: 
[12 1e-3 0 1 129 2 -1.5]: 
[12 1e-3 0 1 129 258 0]: 
[12 1e-3 0 1 129 258 1.5]: 
[12 1e-3 0 1 129 258 -1.5]: 
[12 1e-3 0 1 129 514 0]: 
[12 1e-3 0 1 129 514 1.5]: 
[12 1e-3 0 1 129 514 -1.5]: 
[12 1e-3 0 1 129 770 0]: 
[12 1e-3 0 1 129 770 1.5]: 
[12 1e-3 0 1 129 770 -1.5]: 
[12 1e-3 0 1 193 0 0]: 
[12 1e-3 0 1 193 0 1.5]: 
[12 1e-3 0 1 193 0 -1.5]: 
[12 1e-3 0 1 193 2 0]: 
[12 1e-3 0 1 193 2 1.5]: 
[12 1e-3 0 1 193 2 -1.5]: 
[12 1e-3 0 1 193 258 0]: 
[12 1e-3 0 1 193 258 1.5]: 
[12 1e-3 0 1 193 258 -1.5]: 
[12 1e-3 0 1 193 514 0]: 
[12 1e-3 0 1 193 514 1.5]: 
[12 1e-3 0 1 193 514 -1.5]: 
[12 1e-3 0 1 193 770 0]: 
[12 1e-3 0 1 193 770 1.5]: 
[12 1e-3 0 1 193 770 -1.5]: 
[12 1e-3 0 2 0 0 0]: 
[12 1e-3 0 2 0 2 0]: 
[12 1e-3 0 2 0 2 1.5]: 
[12 1e-3 0 2 0 2 -1.5]: 
[12 1e-3 0 2 0 258 0]: 
[12 1e-3 0 2 0 258 1.5]: 
[12 1e-3 0 2 0 258 -1.5]: 
[12 1e-3 0 2 0 514 0]: 
[12 1e-3 0 2 0 514 1.5]: 
[12 1e-3 0 2 0 514 -1.5]: 
[12 1e-3 0 2 0 770 0]: 
[12 1e-3 0 2 0 770 1.5]: 
[12 1e-3 0 2 0 770 -1.5]: 
[12 1e-3 0 2 1 0 0]: 
[12 1e-3 0 2 1 0 1.5]: 
[12 1e-3 0 2 1 0 -1.5]: 
[12 1e-3 0 2 1 2 0]: 
[12 1e-3 0 2 1 2 1.5]: 
[12 1e-3 0 2 1 2 -1.5]: 
[12 1e-3 0 2 1 258 0]: 
[12 1e-3 0 2 1 258 1.5]: 
[12 1e-3 0 2 1 258 -1.5]: 
[12 1e-3 0 2 1 514 0]: 
[12 1e-3 0 2 1 514 1.5]: 
[12 1e-3 0 2 1 514 -1.5]: 
[12 1e-3 0 2 1 770 0]: 
[12 1e-3 0 2 1 770 1.5]: 
[12 1e-3 0 2 1 770 -1.5]: 
[12 1e-3 0 2 65 0 0]: 
[12 1e-3 0 2 65 0 1.5]: 
[12 1e-3 0 2 65 0 -1.5]: 
[12 1e-3 0 2 65 2 0]: 
[12 1e-3 0 2 65 2 1.5]: 
[12 1e-3 0 2 65 2 -1.5]: 
[12 1e-3 0 2 65 258 0]: 
[12 1e-3 0 2 65 258 1.5]: 
[12 1e-3 0 2 65 258 -1.5]: 
[12 1e-3 0 2 65 514 0]: 
[12 1e-3 0 2 65 514 1.5]: 
[12 1e-3 0 2 65 514 -1.5]: 
[12 1e-3 0 2 65 770 0]: 
[12 1e-3 0 2 65 770 1.5]: 
[12 1e-3 0 2 65 770 -1.5]: 
[12 1e-3 0 2 129 0 0]: 
[12 1e-3 0 2 129 0 1.5]: 
[12 1e-3 0 2 129 0 -1.5]: 
[12 1e-3 0 2 129 2 0]: 
[12 1e-3 0 2 129 2 1.5]: 
[12 1e-3 0 2 129 2 -1.5]: 
[12 1e-3 0 2 129 258 0]: 
[12 1e-3 0 2 129 258 1.5]: 
[12 1e-3 0 2 129 258 -1.5]: 
[12 1e-3 0 2 129 514 0]: 
[12 1e-3 0 2 129 514 1.5]: 
[12 1e-3 0 2 129 514 -1.5]: 
[12 1e-3 0 2 129 770 0]: 
[12 1e-3 0 2 129 770 1.5]: 
[12 1e-3 0 2 129 770 -1.5]: 
[12 1e-3 0 2 193 0 0]: 
[12 1e-3 0 2 193 0 1.5]: 
[12 1e-3 0 2 193 0 -1.5]: 
[12 1e-3 0 2 193 2 0]: 
[12 1e-3 0 2 193 2 1.5]: 
[12 1e-3 0 2 193 2 -1.5]: 
[12 1e-3 0 2 193 258 0]: 
[12 1e-3 0 2 193 258 1.5]: 
[12 1e-3 0 2 193 258 -1.5]: 
[12 1e-3 0 2 193 514 0]: 
[12 1e-3 0 2 193 514 1.5]: 
[12 1e-3 0 2 193 514 -1.5]: 
[12 1e-3 0 2 193 770 0]: 
[12 1e-3 0 2 193 770 1.5]: 
[12 1e-3 0 2 193 770 -1.5]: 
[12 1e-3 1 1 0 0 0]: 
[12 1e-3 1 1 0 2 0]: 
[12 1e-3 1 1 0 2 1.5]: 
[12 1e-3 1 1 0 2 -1.5]: 
[12 1e-3 1 1 0 258 0]: 
[12 1e-3 1 1 0 258 1.5]: 
[12 1e-3 1 1 0 258 -1.5]: 
[12 1e-3 1 1 0 514 0]: 
[12 1e-3 1 1 0 514 1.5]: 
[12 1e-3 1 1 0 514 -1.5]: 
[12 1e-3 1 1 0 770 0]: 
[12 1e-3 1 1 0 770 1.5]: 
[12 1e-3 1 1 0 770 -1.5]: 
[12 1e-3 1 1 1 0 0]: 
[12 1e-3 1 1 1 0 1.5]: 
[12 1e-3 1 1 1 0 -1.5]: 
[12 1e-3 1 1 1 2 0]: 
[12 1e-3 1 1 1 2 1.5]: 
[12 1e-3 1 1 1 2 -1.5]: 
[12 1e-3 1 1 1 258 0]: 
[12 1e-3 1 1 1 258 1.5]: 
[12 1e-3 1 1 1 258 -1.5]: 
[12 1e-3 1 1 1 514 0]: 
[12 1e-3 1 1 1 514 1.5]: 
[12 1e-3 1 1 1 514 -1.5]: 
[12 1e-3 1 1 1 770 0]: 
[12 1e-3 1 1 1 770 1.5]: 
[12 1e-3 1 1 1 770 -1.5]: 
[12 1e-3 1 1 65 0 0]: 
[12 1e-3 1 1 65 0 1.5]: 
[12 1e-3 1 1 65 0 -1.5]: 
[12 1e-3 1 1 65 2 0]: 
[12 1e-3 1 1 65 2 1.5]: 
[12 1e-3 1 1 65 2 -1.5]: 
[12 1e-3 1 1 65 258 0]: 
[12 1e-3 1 1 65 258 1.5]: 
[12 1e-3 1 1 65 258 -1.5]: 
[12 1e-3 1 1 65 514 0]: 
[12 1e-3 1 1 65 514 1.5]: 
[12 1e-3 1 1 65 514 -1.5]: 
[12 1e-3 1 1 65 770 0]: 
[12 1e-3 1 1 65 770 1.5]: 
[12 1e-3 1 1 65 770 -1.5]: 
[12 1e-3 1 1 129 0 0]: 
[12 1e-3 1 1 129 0 1.5]: 
[12 1e-3 1 1 129 0 -1.5]: 
[12 1e-3 1 1 129 2 0]: 
[12 1e-3 1 1 129 2 1.5]: 
[12 1e-3 1 1 129 2 -1.5]: 
[12 1e-3 1 1 129 258 0]: 
[12 1e-3 1 1 129 258 1.5]: 
[12 1e-3 1 1 129 258 -1.5]: 
[12 1e-3 1 1 129 514 0]: 
[12 1e-3 1 1 129 514 1.5]: 
[12 1e-3 1 1 129 514 -1.5]: 
[12 1e-3 1 1 129 770 0]: 
[12 1e-3 1 1 129 770 1.5]: 
[12 1e-3 1 1 129 770 -1.5]: 
[12 1e-3 1 1 193 0 0]: 
[12 1e-3 1 1 193 0 1.5]: 
[12 1e-3 1 1 193 0 -1.5]: 
[12 1e-3 1 1 193 2 0]: 
[12 1e-3 1 1 193 2 1.5]: 
[12 1e-3 1 1 193 2 -1.5]: 
[12 1e-3 1 1 193 258 0]: 
[12 1e-3 1 1 193 258 1.5]: 
[12 1e-3 1 1 193 258 -1.5]: 
[12 1e-3 1 1 193 514 0]: 
[12 1e-3 1 1 193 514 1.5]: 
[12 1e-3 1 1 193 514 -1.5]: 
[12 1e-3 1 1 193 770 0]: 
[12 1e-3 1 1 193 770 1.5]: 
[12 1e-3 1 1 193 770 -1.5]: 
[12 1e-3 1 2 0 0 0]: 
[12 1e-3 1 2 0 2 0]: 
[12 1e-3 1 2 0 2 1.5]: 
[12 1e-3 1 2 0 2 -1.5]: 
[12 1e-3 1 2 0 258 0]: 
[12 1e-3 1 2 0 258 1.5]: 
[12 1e-3 1 2 0 258 -1.5]: 
[12 1e-3 1 2 0 514 0]: 
[12 1e-3 1 2 0 514 1.5]: 
[12 1e-3 1 2 0 514 -1.5]: 
[12 1e-3 1 2 0 770 0]: 
[12 1e-3 1 2 0 770 1.5]: 
[12 1e-3 1 2 0 770 -1.5]: 
[12 1e-3 1 2 1 0 0]: 
[12 1e-3 1 2 1 0 1.5]: 
[12 1e-3 1 2 1 0 -1.5]: 
[12 1e-3 1 2 1 2 0]: 
[12 1e-3 1 2 1 2 1.5]: 
[12 1e-3 1 2 1 2 -1.5]: 
[12 1e-3 1 2 1 258 0]: 
[12 1e-3 1 2 1 258 1.5]: 
[12 1e-3 1 2 1 258 -1.5]: 
[12 1e-3 1 2 1 514 0]: 
[12 1e-3 1 2 1 514 1.5]: 
[12 1e-3 1 2 1 514 -1.5]: 
[12 1e-3 1 2 1 770 0]: 
[12 1e-3 1 2 1 770 1.5]: 
[12 1e-3 1 2 1 770 -1.5]: 
[12 1e-3 1 2 65 0 0]: 
[12 1e-3 1 2 65 0 1.5]: 
[12 1e-3 1 2 65 0 -1.5]: 
[12 1e-3 1 2 65 2 0]: 
[12 1e-3 1 2 65 2 1.5]: 
[12 1e-3 1 2 65 2 -1.5]: 
[12 1e-3 1 2 65 258 0]: 
[12 1e-3 1 2 65 258 1.5]: 
[12 1e-3 1 2 65 258 -1.5]: 
[12 1e-3 1 2 65 514 0]: 
[12 1e-3 1 2 65 514 1.5]: 
[12 1e-3 1 2 65 514 -1.5]: 
[12 1e-3 1 2 65 770 0]: 
[12 1e-3 1 2 65 770 1.5]: 
[12 1e-3 1 2 65 770 -1.5]: 
[12 1e-3 1 2 129 0 0]: 
[12 1e-3 1 2 129 0 1.5]: 
[12 1e-3 1 2 129 0 -1.5]: 
[12 1e-3 1 2 129 2 0]: 
[12 1e-3 1 2 129 2 1.5]: 
[12 1e-3 1 2 129 2 -1.5]: 
[12 1e-3 1 2 129 258 0]: 
[12 1e-3 1 2 129 258 1.5]: 
[12 1e-3 1 2 129 258 -1.5]: 
[12 1e-3 1 2 129 514 0]: 
[12 1e-3 1 2 129 514 1.5]: 
[12 1e-3 1 2 129 514 -1.5]: 
[12 1e-3 1 2 129 770 0]: 
[12 1e-3 1 2 129 770 1.5]: 
[12 1e-3 1 2 129 770 -1.5]: 
[12 1e-3 1 2 193 0 0]: 
[12 1e-3 1 2 193 0 1.5]: 
[12 1e-3 1 2 193 0 -1.5]: 
[12 1e-3 1 2 193 2 0]: 
[12 1e-3 1 2 193 2 1.5]: 
[12 1e-3 1 2 193 2 -1.5]: 
[12 1e-3 1 2 193 258 0]: 
[12 1e-3 1 2 193 258 1.5]: 
[12 1e-3 1 2 193 258 -1.5]: 
[12 1e-3 1 2 193 514 0]: 
[12 1e-3 1 2 193 514 1.5]: 
[12 1e-3 1 2 193 514 -1.5]: 
[12 1e-3 1 2 193 770 0]: 
[12 1e-3 1 2 193 770 1.5]: 
[12 1e-3 1 2 193 770 -1.5]: 
